23.18 -23.65 -0.68 28.92 -22.31 -22.18 27.73 -28.57 -2.89 13.50 -37.07 -7.71
23.18 -23.65 -0.68 28.92 -22.31 -22.18 27.73 -28.57 -2.89 13.50 -37.07 -7.71
23.18 -23.65 -0.68 28.92 -22.31 -22.18 27.73 -28.57 -2.89 13.50 -37.07 -7.71
24.07 -23.42 -0.71 28.92 -22.31 -22.18 27.42 -28.92 -1.78 14.26 -36.89 -5.13
24.07 -23.42 -0.71 20.63 -27.71 -22.23 27.42 -28.92 -1.78 14.26 -36.89 -5.13
24.07 -23.42 -0.71 20.63 -27.71 -22.23 27.42 -28.92 -1.78 14.26 -36.89 -5.13
22.47 -23.65 -0.94 20.63 -27.71 -22.23 27.02 -28.89 -1.63 14.26 -36.89 -5.13
22.47 -23.65 -0.94 22.02 -27.21 -22.60 27.02 -28.89 -1.63 14.23 -39.26 -5.94
22.47 -23.65 -0.94 22.02 -27.21 -22.60 27.02 -28.89 -1.63 14.23 -39.26 -5.94
21.94 -23.73 -1.13 22.02 -27.21 -22.60 28.60 -28.81 -1.57 14.23 -39.26 -5.94
21.94 -23.73 -1.13 20.89 -27.05 -22.18 28.60 -28.81 -1.57 13.15 -39.10 -5.94
21.94 -23.73 -1.13 20.89 -27.05 -22.18 28.60 -28.81 -1.57 13.15 -39.10 -5.94
22.05 -23.63 -0.81 20.89 -27.05 -22.18 27.10 -28.92 -1.86 13.15 -39.10 -5.94
22.05 -23.63 -0.81 20.89 -27.05 -22.18 27.10 -28.92 -1.86 13.86 -35.86 -4.92
22.05 -23.63 -0.81 22.31 -26.36 -22.28 27.10 -28.92 -1.86 13.86 -35.86 -4.92
23.13 -23.57 -0.71 22.31 -26.36 -22.28 27.89 -28.89 -1.63 13.86 -35.86 -4.92
23.13 -23.57 -0.71 22.31 -26.36 -22.28 27.89 -28.89 -1.63 13.86 -35.86 -4.92
23.13 -23.57 -0.71 20.94 -27.00 -22.05 27.89 -28.89 -1.63 12.57 -39.07 -5.89
24.21 -23.44 -0.73 20.94 -27.00 -22.05 27.50 -28.92 -1.84 12.57 -39.07 -5.89
24.21 -23.44 -0.73 20.94 -27.00 -22.05 27.50 -28.92 -1.84 12.57 -39.07 -5.89
24.21 -23.44 -0.73 22.05 -27.15 -22.94 27.50 -28.92 -1.84 11.94 -39.00 -5.92
22.18 -24.07 -0.94 22.05 -27.15 -22.94 26.63 -28.89 -1.71 11.94 -39.00 -5.92
22.18 -24.07 -0.94 22.05 -27.15 -22.94 26.63 -28.89 -1.71 11.94 -39.00 -5.92
22.18 -24.07 -0.94 22.05 -27.15 -22.94 26.63 -28.89 -1.71 13.50 -36.55 -4.97
21.76 -23.73 -1.07 22.13 -26.18 -21.92 28.31 -28.84 -1.52 13.50 -36.55 -4.97
21.76 -23.73 -1.07 22.13 -26.18 -21.92 28.31 -28.84 -1.52 13.50 -36.55 -4.97
22.47 -23.57 -0.81 22.13 -26.18 -21.92 28.31 -28.84 -1.52 13.50 -36.55 -4.97
22.47 -23.57 -0.81 21.92 -27.65 -22.73 27.13 -28.50 -2.02 12.94 -39.76 -6.05
22.47 -23.57 -0.81 21.92 -27.65 -22.73 27.13 -28.50 -2.02 12.94 -39.76 -6.05
23.21 -23.55 -0.73 21.92 -27.65 -22.73 27.13 -28.50 -2.02 12.94 -39.76 -6.05
23.21 -23.55 -0.73 21.92 -27.65 -22.73 27.73 -28.55 -1.76 13.26 -39.68 -6.10
23.21 -23.55 -0.73 21.94 -26.36 -21.84 27.73 -28.55 -1.76 13.26 -39.68 -6.10
24.10 -23.50 -0.89 21.94 -26.36 -21.84 28.21 -28.89 -1.78 13.26 -39.68 -6.10
24.10 -23.50 -0.89 21.94 -26.36 -21.84 28.21 -28.89 -1.78 14.13 -39.21 -5.97
24.10 -23.50 -0.89 23.60 -25.47 -22.23 28.21 -28.89 -1.78 14.13 -39.21 -5.97
22.31 -23.63 -0.94 23.60 -25.47 -22.23 26.63 -28.94 -1.84 14.13 -39.21 -5.97
22.31 -23.63 -0.94 23.60 -25.47 -22.23 26.63 -28.94 -1.84 14.13 -39.21 -5.97
22.31 -23.63 -0.94 20.84 -26.89 -22.07 26.63 -28.94 -1.84 14.13 -39.26 -5.97
21.44 -23.78 -1.10 20.84 -26.89 -22.07 27.97 -28.84 -1.55 14.13 -39.26 -5.97
21.44 -23.78 -1.10 20.84 -26.89 -22.07 27.97 -28.84 -1.55 14.13 -39.26 -5.97
21.44 -23.78 -1.10 20.84 -26.89 -22.07 27.97 -28.84 -1.55 12.86 -39.07 -5.97
22.76 -23.81 -0.73 24.07 -25.05 -22.10 27.34 -29.10 -1.73 12.86 -39.07 -5.97
22.76 -23.81 -0.73 24.07 -25.05 -22.10 27.34 -29.10 -1.73 12.86 -39.07 -5.97
22.76 -23.81 -0.73 24.07 -25.05 -22.10 27.34 -29.10 -1.73 12.71 -38.97 -5.86
23.31 -23.50 -0.57 21.84 -25.89 -21.73 27.44 -29.05 -1.60 12.71 -38.97 -5.86
23.31 -23.50 -0.57 21.84 -25.89 -21.73 27.44 -29.05 -1.60 12.71 -38.97 -5.86
23.31 -23.50 -0.57 21.84 -25.89 -21.73 27.44 -29.05 -1.60 12.71 -38.97 -5.86
23.50 -23.57 -0.94 21.84 -25.89 -21.73 28.71 -29.07 -1.60 12.10 -39.57 -5.97
23.50 -23.57 -0.94 23.26 -26.57 -22.34 28.71 -29.07 -1.60 12.10 -39.57 -5.97
23.50 -23.57 -0.94 23.26 -26.57 -22.34 28.71 -29.07 -1.60 12.10 -39.57 -5.97
22.31 -23.65 -1.00 23.26 -26.57 -22.34 27.05 -28.89 -1.94 11.55 -39.89 -6.07
22.31 -23.65 -1.00 22.15 -25.00 -21.68 27.05 -28.89 -1.94 11.55 -39.89 -6.07
21.21 -23.73 -0.89 22.15 -25.00 -21.68 27.05 -28.89 -1.94 11.55 -39.89 -6.07
21.21 -23.73 -0.89 22.15 -25.00 -21.68 27.78 -28.55 -1.73 12.97 -39.57 -6.00
21.21 -23.73 -0.89 24.21 -25.73 -22.05 27.78 -28.55 -1.73 12.97 -39.57 -6.00
23.02 -23.60 -0.76 24.21 -25.73 -22.05 27.78 -28.55 -1.73 12.97 -39.57 -6.00
23.02 -23.60 -0.76 24.21 -25.73 -22.05 27.42 -28.57 -1.89 12.97 -39.57 -6.00
23.02 -23.60 -0.76 24.21 -25.73 -22.05 27.42 -28.57 -1.89 13.28 -39.21 -5.97
24.02 -23.76 -0.76 22.10 -24.81 -21.73 27.42 -28.57 -1.89 13.28 -39.21 -5.97
24.02 -23.76 -0.76 22.10 -24.81 -21.73 26.47 -28.63 -1.86 13.28 -39.21 -5.97
24.02 -23.76 -0.76 22.10 -24.81 -21.73 26.47 -28.63 -1.86 13.86 -39.07 -5.94
22.23 -23.92 -0.97 24.65 -25.36 -21.89 26.47 -28.63 -1.86 13.86 -39.07 -5.94
22.23 -23.92 -0.97 24.65 -25.36 -21.89 28.10 -28.47 -1.63 13.86 -39.07 -5.94
22.23 -23.92 -0.97 24.65 -25.36 -21.89 28.10 -28.47 -1.63 14.31 -39.05 -5.92
21.44 -23.84 -1.10 21.15 -26.23 -22.10 28.10 -28.47 -1.63 14.31 -39.05 -5.92
21.44 -23.84 -1.10 21.15 -26.23 -22.10 27.18 -28.55 -1.97 14.31 -39.05 -5.92
21.44 -23.84 -1.10 21.15 -26.23 -22.10 27.18 -28.55 -1.97 14.31 -39.05 -5.92
22.86 -23.84 -0.71 21.15 -26.23 -22.10 27.18 -28.55 -1.97 14.15 -39.60 -6.07
22.86 -23.84 -0.71 24.63 -25.71 -21.94 27.65 -28.63 -1.50 14.15 -39.60 -6.07
22.86 -23.84 -0.71 24.63 -25.71 -21.94 27.65 -28.63 -1.50 14.15 -39.60 -6.07
23.63 -23.50 -0.60 24.63 -25.71 -21.94 28.47 -29.13 -1.65 12.55 -39.39 -5.92
23.63 -23.50 -0.60 21.89 -25.42 -21.97 28.47 -29.13 -1.65 12.55 -39.39 -5.92
23.63 -23.50 -0.60 21.89 -25.42 -21.97 28.47 -29.13 -1.65 12.55 -39.39 -5.92
22.60 -23.63 -0.94 21.89 -25.42 -21.97 26.84 -29.13 -1.81 12.15 -39.39 -5.94
22.60 -23.63 -0.94 21.89 -25.42 -21.97 26.84 -29.13 -1.81 12.15 -39.39 -5.94
22.60 -23.63 -0.94 24.57 -22.89 -23.44 26.84 -29.13 -1.81 12.15 -39.39 -5.94
21.97 -23.73 -1.15 24.57 -22.89 -23.44 27.92 -28.89 -1.60 13.57 -35.68 -4.97
21.97 -23.73 -1.15 24.57 -22.89 -23.44 27.92 -28.89 -1.60 13.57 -35.68 -4.97
21.97 -23.73 -1.15 22.02 -26.18 -22.13 27.92 -28.89 -1.60 13.57 -35.68 -4.97
22.39 -23.57 -0.81 22.02 -26.18 -22.13 27.39 -28.89 -1.78 13.57 -35.68 -4.97
22.39 -23.57 -0.81 22.02 -26.18 -22.13 27.39 -28.89 -1.78 12.05 -39.10 -5.94
22.39 -23.57 -0.81 22.47 -25.47 -21.92 27.39 -28.89 -1.78 12.05 -39.10 -5.94
23.18 -23.52 -0.63 22.47 -25.47 -21.92 27.26 -28.92 -1.60 12.05 -39.10 -5.94
