23.18 -23.65 -0.68 28.92 -22.31 -22.18 27.73 -28.57 -2.89 13.50 -37.07 -7.71
23.18 -23.65 -0.68 28.92 -22.31 -22.18 27.73 -28.57 -2.89 13.50 -37.07 -7.71
23.18 -23.65 -0.68 28.92 -22.31 -22.18 27.73 -28.57 -2.89 13.50 -37.07 -7.71
24.07 -23.42 -0.71 28.92 -22.31 -22.18 27.42 -28.92 -1.78 14.26 -36.89 -5.13
24.07 -23.42 -0.71 20.63 -27.71 -22.23 27.42 -28.92 -1.78 14.26 -36.89 -5.13
24.07 -23.42 -0.71 20.63 -27.71 -22.23 27.42 -28.92 -1.78 14.26 -36.89 -5.13
22.47 -23.65 -0.94 20.63 -27.71 -22.23 27.02 -28.89 -1.63 14.26 -36.89 -5.13
22.47 -23.65 -0.94 22.02 -27.21 -22.60 27.02 -28.89 -1.63 14.23 -39.26 -5.94
22.47 -23.65 -0.94 22.02 -27.21 -22.60 27.02 -28.89 -1.63 14.23 -39.26 -5.94
21.94 -23.73 -1.13 22.02 -27.21 -22.60 28.60 -28.81 -1.57 14.23 -39.26 -5.94
21.94 -23.73 -1.13 20.89 -27.05 -22.18 28.60 -28.81 -1.57 13.15 -39.10 -5.94
21.94 -23.73 -1.13 20.89 -27.05 -22.18 28.60 -28.81 -1.57 13.15 -39.10 -5.94
22.05 -23.63 -0.81 20.89 -27.05 -22.18 27.10 -28.92 -1.86 13.15 -39.10 -5.94
22.05 -23.63 -0.81 20.89 -27.05 -22.18 27.10 -28.92 -1.86 13.86 -35.86 -4.92
22.05 -23.63 -0.81 22.31 -26.36 -22.28 27.10 -28.92 -1.86 13.86 -35.86 -4.92
23.13 -23.57 -0.71 22.31 -26.36 -22.28 27.89 -28.89 -1.63 13.86 -35.86 -4.92
23.13 -23.57 -0.71 22.31 -26.36 -22.28 27.89 -28.89 -1.63 13.86 -35.86 -4.92
23.13 -23.57 -0.71 20.94 -27.00 -22.05 27.89 -28.89 -1.63 12.57 -39.07 -5.89
24.21 -23.44 -0.73 20.94 -27.00 -22.05 27.50 -28.92 -1.84 12.57 -39.07 -5.89
24.21 -23.44 -0.73 20.94 -27.00 -22.05 27.50 -28.92 -1.84 12.57 -39.07 -5.89
24.21 -23.44 -0.73 22.05 -27.15 -22.94 27.50 -28.92 -1.84 11.94 -39.00 -5.92
22.18 -24.07 -0.94 22.05 -27.15 -22.94 26.63 -28.89 -1.71 11.94 -39.00 -5.92
22.18 -24.07 -0.94 22.05 -27.15 -22.94 26.63 -28.89 -1.71 11.94 -39.00 -5.92
22.18 -24.07 -0.94 22.05 -27.15 -22.94 26.63 -28.89 -1.71 13.50 -36.55 -4.97
21.76 -23.73 -1.07 22.13 -26.18 -21.92 28.31 -28.84 -1.52 13.50 -36.55 -4.97
21.76 -23.73 -1.07 22.13 -26.18 -21.92 28.31 -28.84 -1.52 13.50 -36.55 -4.97
22.47 -23.57 -0.81 22.13 -26.18 -21.92 28.31 -28.84 -1.52 13.50 -36.55 -4.97
22.47 -23.57 -0.81 21.92 -27.65 -22.73 27.13 -28.50 -2.02 12.94 -39.76 -6.05
22.47 -23.57 -0.81 21.92 -27.65 -22.73 27.13 -28.50 -2.02 12.94 -39.76 -6.05
23.21 -23.55 -0.73 21.92 -27.65 -22.73 27.13 -28.50 -2.02 12.94 -39.76 -6.05
23.21 -23.55 -0.73 21.92 -27.65 -22.73 27.73 -28.55 -1.76 13.26 -39.68 -6.10
23.21 -23.55 -0.73 21.94 -26.36 -21.84 27.73 -28.55 -1.76 13.26 -39.68 -6.10
24.10 -23.50 -0.89 21.94 -26.36 -21.84 28.21 -28.89 -1.78 13.26 -39.68 -6.10
24.10 -23.50 -0.89 21.94 -26.36 -21.84 28.21 -28.89 -1.78 14.13 -39.21 -5.97
24.10 -23.50 -0.89 23.60 -25.47 -22.23 28.21 -28.89 -1.78 14.13 -39.21 -5.97
22.31 -23.63 -0.94 23.60 -25.47 -22.23 26.63 -28.94 -1.84 14.13 -39.21 -5.97
22.31 -23.63 -0.94 23.60 -25.47 -22.23 26.63 -28.94 -1.84 14.13 -39.21 -5.97
22.31 -23.63 -0.94 20.84 -26.89 -22.07 26.63 -28.94 -1.84 14.13 -39.26 -5.97
21.44 -23.78 -1.10 20.84 -26.89 -22.07 27.97 -28.84 -1.55 14.13 -39.26 -5.97
21.44 -23.78 -1.10 20.84 -26.89 -22.07 27.97 -28.84 -1.55 14.13 -39.26 -5.97
21.44 -23.78 -1.10 20.84 -26.89 -22.07 27.97 -28.84 -1.55 12.86 -39.07 -5.97
22.76 -23.81 -0.73 24.07 -25.05 -22.10 27.34 -29.10 -1.73 12.86 -39.07 -5.97
22.76 -23.81 -0.73 24.07 -25.05 -22.10 27.34 -29.10 -1.73 12.86 -39.07 -5.97
22.76 -23.81 -0.73 24.07 -25.05 -22.10 27.34 -29.10 -1.73 12.71 -38.97 -5.86
23.31 -23.50 -0.57 21.84 -25.89 -21.73 27.44 -29.05 -1.60 12.71 -38.97 -5.86
23.31 -23.50 -0.57 21.84 -25.89 -21.73 27.44 -29.05 -1.60 12.71 -38.97 -5.86
23.31 -23.50 -0.57 21.84 -25.89 -21.73 27.44 -29.05 -1.60 12.71 -38.97 -5.86
23.50 -23.57 -0.94 21.84 -25.89 -21.73 28.71 -29.07 -1.60 12.10 -39.57 -5.97
23.50 -23.57 -0.94 23.26 -26.57 -22.34 28.71 -29.07 -1.60 12.10 -39.57 -5.97
23.50 -23.57 -0.94 23.26 -26.57 -22.34 28.71 -29.07 -1.60 12.10 -39.57 -5.97
22.31 -23.65 -1.00 23.26 -26.57 -22.34 27.05 -28.89 -1.94 11.55 -39.89 -6.07
22.31 -23.65 -1.00 22.15 -25.00 -21.68 27.05 -28.89 -1.94 11.55 -39.89 -6.07
21.21 -23.73 -0.89 22.15 -25.00 -21.68 27.05 -28.89 -1.94 11.55 -39.89 -6.07
21.21 -23.73 -0.89 22.15 -25.00 -21.68 27.78 -28.55 -1.73 12.97 -39.57 -6.00
21.21 -23.73 -0.89 24.21 -25.73 -22.05 27.78 -28.55 -1.73 12.97 -39.57 -6.00
23.02 -23.60 -0.76 24.21 -25.73 -22.05 27.78 -28.55 -1.73 12.97 -39.57 -6.00
23.02 -23.60 -0.76 24.21 -25.73 -22.05 27.42 -28.57 -1.89 12.97 -39.57 -6.00
23.02 -23.60 -0.76 24.21 -25.73 -22.05 27.42 -28.57 -1.89 13.28 -39.21 -5.97
24.02 -23.76 -0.76 22.10 -24.81 -21.73 27.42 -28.57 -1.89 13.28 -39.21 -5.97
24.02 -23.76 -0.76 22.10 -24.81 -21.73 26.47 -28.63 -1.86 13.28 -39.21 -5.97
24.02 -23.76 -0.76 22.10 -24.81 -21.73 26.47 -28.63 -1.86 13.86 -39.07 -5.94
22.23 -23.92 -0.97 24.65 -25.36 -21.89 26.47 -28.63 -1.86 13.86 -39.07 -5.94
22.23 -23.92 -0.97 24.65 -25.36 -21.89 28.10 -28.47 -1.63 13.86 -39.07 -5.94
22.23 -23.92 -0.97 24.65 -25.36 -21.89 28.10 -28.47 -1.63 14.31 -39.05 -5.92
21.44 -23.84 -1.10 21.15 -26.23 -22.10 28.10 -28.47 -1.63 14.31 -39.05 -5.92
21.44 -23.84 -1.10 21.15 -26.23 -22.10 27.18 -28.55 -1.97 14.31 -39.05 -5.92
21.44 -23.84 -1.10 21.15 -26.23 -22.10 27.18 -28.55 -1.97 14.31 -39.05 -5.92
22.86 -23.84 -0.71 21.15 -26.23 -22.10 27.18 -28.55 -1.97 14.15 -39.60 -6.07
22.86 -23.84 -0.71 24.63 -25.71 -21.94 27.65 -28.63 -1.50 14.15 -39.60 -6.07
22.86 -23.84 -0.71 24.63 -25.71 -21.94 27.65 -28.63 -1.50 14.15 -39.60 -6.07
23.63 -23.50 -0.60 24.63 -25.71 -21.94 28.47 -29.13 -1.65 12.55 -39.39 -5.92
23.63 -23.50 -0.60 21.89 -25.42 -21.97 28.47 -29.13 -1.65 12.55 -39.39 -5.92
23.63 -23.50 -0.60 21.89 -25.42 -21.97 28.47 -29.13 -1.65 12.55 -39.39 -5.92
22.60 -23.63 -0.94 21.89 -25.42 -21.97 26.84 -29.13 -1.81 12.15 -39.39 -5.94
22.60 -23.63 -0.94 21.89 -25.42 -21.97 26.84 -29.13 -1.81 12.15 -39.39 -5.94
22.60 -23.63 -0.94 24.57 -22.89 -23.44 26.84 -29.13 -1.81 12.15 -39.39 -5.94
21.97 -23.73 -1.15 24.57 -22.89 -23.44 27.92 -28.89 -1.60 13.57 -35.68 -4.97
21.97 -23.73 -1.15 24.57 -22.89 -23.44 27.92 -28.89 -1.60 13.57 -35.68 -4.97
21.97 -23.73 -1.15 22.02 -26.18 -22.13 27.92 -28.89 -1.60 13.57 -35.68 -4.97
22.39 -23.57 -0.81 22.02 -26.18 -22.13 27.39 -28.89 -1.78 13.57 -35.68 -4.97
22.39 -23.57 -0.81 22.02 -26.18 -22.13 27.39 -28.89 -1.78 12.05 -39.10 -5.94
22.39 -23.57 -0.81 22.47 -25.47 -21.92 27.39 -28.89 -1.78 12.05 -39.10 -5.94
23.18 -23.52 -0.63 22.47 -25.47 -21.92 27.26 -28.92 -1.60 12.05 -39.10 -5.94
23.18 -23.52 -0.63 22.47 -25.47 -21.92 27.26 -28.92 -1.60 13.39 -39.00 -5.89
23.73 -23.57 -0.97 22.47 -25.47 -21.92 27.26 -28.92 -1.60 13.39 -39.00 -5.89
23.73 -23.57 -0.97 23.68 -23.07 -22.63 28.63 -28.71 -1.71 13.39 -39.00 -5.89
23.73 -23.57 -0.97 23.68 -23.07 -22.63 28.63 -28.71 -1.71 14.68 -36.07 -5.02
22.21 -23.65 -1.02 23.68 -23.07 -22.63 28.63 -28.71 -1.71 14.68 -36.07 -5.02
22.21 -23.65 -1.02 21.52 -26.13 -22.02 26.52 -28.76 -1.94 14.68 -36.07 -5.02
22.21 -23.65 -1.02 21.52 -26.13 -22.02 26.52 -28.76 -1.94 14.68 -36.07 -5.02
21.15 -23.97 -0.81 21.52 -26.13 -22.02 26.52 -28.76 -1.94 13.34 -39.28 -6.05
21.15 -23.97 -0.81 22.76 -26.18 -22.18 27.76 -28.57 -1.71 13.34 -39.28 -6.05
21.15 -23.97 -0.81 22.76 -26.18 -22.18 27.76 -28.57 -1.71 13.34 -39.28 -6.05
23.07 -23.57 -0.73 22.76 -26.18 -22.18 27.76 -28.57 -1.71 13.89 -39.71 -6.00
23.07 -23.57 -0.73 22.76 -26.18 -22.18 27.47 -28.60 -1.89 13.89 -39.71 -6.00
23.07 -23.57 -0.73 21.92 -25.78 -21.97 27.47 -28.60 -1.89 13.89 -39.71 -6.00
24.21 -23.47 -0.76 21.92 -25.78 -21.97 27.47 -28.60 -1.89 15.23 -35.89 -4.97
24.21 -23.47 -0.76 21.92 -25.78 -21.97 26.47 -28.60 -1.81 15.23 -35.89 -4.97
24.21 -23.47 -0.76 22.50 -26.02 -22.21 26.47 -28.60 -1.81 15.23 -35.89 -4.97
22.34 -23.63 -0.97 22.50 -26.02 -22.21 26.47 -28.60 -1.81 15.23 -35.89 -4.97
22.34 -23.63 -0.97 22.50 -26.02 -22.21 28.10 -28.50 -1.65 12.73 -39.57 -6.05
22.34 -23.63 -0.97 23.47 -22.73 -20.86 28.10 -28.50 -1.65 12.73 -39.57 -6.05
21.36 -23.81 -1.05 23.47 -22.73 -20.86 28.10 -28.50 -1.65 12.73 -39.57 -6.05
21.36 -23.81 -1.05 23.47 -22.73 -20.86 27.13 -28.50 -2.00 12.50 -39.39 -5.94
21.36 -23.81 -1.05 23.47 -22.73 -20.86 27.13 -28.50 -2.00 12.50 -39.39 -5.94
22.94 -23.60 -0.73 22.10 -26.65 -22.21 27.13 -28.50 -2.00 12.50 -39.39 -5.94
22.94 -23.60 -0.73 22.10 -26.65 -22.21 27.68 -28.47 -1.76 12.23 -39.23 -0.07
22.94 -23.60 -0.73 22.10 -26.65 -22.21 27.68 -28.47 -1.76 12.23 -39.23 -0.07
23.73 -23.44 -0.57 22.26 -23.60 -21.00 27.68 -28.47 -1.76 12.23 -39.23 -0.07
23.73 -23.44 -0.57 22.26 -23.60 -21.00 28.44 -28.50 -1.92 12.23 -39.23 -0.07
23.73 -23.44 -0.57 22.26 -23.60 -21.00 28.44 -28.50 -1.92 12.73 -36.07 -5.00
22.44 -23.92 -0.86 22.26 -23.60 -21.00 26.86 -28.92 -1.92 12.73 -36.07 -5.00
22.44 -23.92 -0.86 23.73 -23.00 -21.07 26.86 -28.92 -1.92 12.73 -36.07 -5.00
22.44 -23.92 -0.86 23.73 -23.00 -21.07 26.86 -28.92 -1.92 13.39 -38.65 -5.81
21.84 -24.10 -1.02 23.73 -23.00 -21.07 27.92 -28.86 -1.60 13.39 -38.65 -5.81
21.84 -24.10 -1.02 21.73 -25.76 -21.92 27.92 -28.86 -1.60 13.39 -38.65 -5.81
22.52 -23.63 -0.81 21.73 -25.76 -21.92 27.92 -28.86 -1.60 13.36 -39.65 -6.00
22.52 -23.63 -0.81 21.73 -25.76 -21.92 27.34 -28.57 -1.94 13.36 -39.65 -6.00
22.52 -23.63 -0.81 23.57 -23.21 -21.10 27.34 -28.57 -1.94 13.36 -39.65 -6.00
23.26 -23.55 -0.65 23.57 -23.21 -21.10 27.34 -28.57 -1.94 13.36 -39.65 -6.00
23.26 -23.55 -0.65 23.57 -23.21 -21.10 26.76 -28.73 -1.68 13.26 -39.28 -6.02
23.26 -23.55 -0.65 23.57 -23.21 -21.10 26.76 -28.73 -1.68 13.26 -39.28 -6.02
23.15 -23.84 -0.94 21.68 -25.84 -21.92 26.76 -28.73 -1.68 13.26 -39.28 -6.02
23.15 -23.84 -0.94 21.68 -25.84 -21.92 28.39 -28.68 -1.60 14.36 -39.00 -5.86
23.15 -23.84 -0.94 21.68 -25.84 -21.92 28.39 -28.68 -1.60 14.36 -39.00 -5.86
22.07 -23.71 -1.10 22.26 -26.71 -22.39 28.39 -28.68 -1.60 14.36 -39.00 -5.86
22.07 -23.71 -1.10 22.26 -26.71 -22.39 27.10 -28.52 -1.94 13.39 -39.50 -6.00
22.07 -23.71 -1.10 22.26 -26.71 -22.39 27.10 -28.52 -1.94 13.39 -39.50 -6.00
21.73 -23.65 -0.78 22.26 -26.71 -22.39 27.10 -28.52 -1.94 13.39 -39.50 -6.00
21.73 -23.65 -0.78 22.52 -22.42 -20.94 27.78 -28.73 -1.68 13.39 -39.50 -6.00
21.73 -23.65 -0.78 22.52 -22.42 -20.94 27.78 -28.73 -1.68 13.71 -38.31 -5.81
23.18 -23.57 -0.71 22.52 -22.42 -20.94 27.78 -28.73 -1.68 13.71 -38.31 -5.81
23.18 -23.57 -0.71 22.89 -25.92 -22.28 28.10 -28.76 -1.84 13.71 -38.31 -5.81
23.18 -23.57 -0.71 22.89 -25.92 -22.28 28.10 -28.76 -1.84 12.89 -38.68 -5.78
24.15 -23.52 -0.86 22.89 -25.92 -22.28 28.10 -28.76 -1.84 12.89 -38.68 -5.78
24.15 -23.52 -0.86 21.07 -26.44 -21.86 26.57 -28.60 -1.94 12.89 -38.68 -5.78
24.15 -23.52 -0.86 21.07 -26.44 -21.86 26.57 -28.60 -1.94 12.10 -38.86 -5.84
22.23 -23.65 -1.00 21.07 -26.44 -21.86 26.57 -28.60 -1.94 12.10 -38.86 -5.84
22.23 -23.65 -1.00 21.07 -26.44 -21.86 27.89 -28.55 -1.71 12.10 -38.86 -5.84
22.23 -23.65 -1.00 22.68 -26.21 -22.34 27.89 -28.55 -1.71 12.10 -38.86 -5.84
21.26 -23.76 -0.97 22.68 -26.21 -22.34 27.89 -28.55 -1.71 12.15 -38.89 -6.28
21.26 -23.76 -0.97 22.68 -26.21 -22.34 27.28 -28.28 -1.94 12.15 -38.89 -6.28
21.26 -23.76 -0.97 21.23 -25.76 -21.76 27.28 -28.28 -1.94 12.15 -38.89 -6.28
22.97 -23.86 -0.73 21.23 -25.76 -21.76 27.28 -28.28 -1.94 13.34 -39.28 -5.86
22.97 -23.86 -0.73 21.23 -25.76 -21.76 27.00 -28.57 -1.52 13.34 -39.28 -5.86
23.92 -23.44 -0.81 23.13 -26.10 -22.28 27.00 -28.57 -1.52 13.34 -39.28 -5.86
23.92 -23.44 -0.81 23.13 -26.10 -22.28 27.00 -28.57 -1.52 13.47 -39.13 -5.97
23.92 -23.44 -0.81 23.13 -26.10 -22.28 28.26 -28.60 -1.44 13.47 -39.13 -5.97
22.42 -23.63 -0.97 23.13 -26.10 -22.28 28.26 -28.60 -1.44 13.47 -39.13 -5.97
22.42 -23.63 -0.97 20.92 -26.15 -21.78 27.07 -28.55 -2.00 13.47 -39.13 -5.97
22.42 -23.63 -0.97 20.92 -26.15 -21.78 27.07 -28.55 -2.00 15.05 -36.15 -8.47
21.76 -23.73 -1.15 20.92 -26.15 -21.78 27.07 -28.55 -2.00 15.05 -36.15 -8.47
21.76 -23.73 -1.15 24.28 -23.28 -21.15 27.78 -28.81 -1.68 15.05 -36.15 -8.47
21.76 -23.73 -1.15 24.28 -23.28 -21.15 27.78 -28.81 -1.68 14.89 -36.02 -4.97
22.78 -23.63 -0.78 24.28 -23.28 -21.15 27.78 -28.81 -1.68 14.89 -36.02 -4.97
22.78 -23.63 -0.78 24.28 -23.28 -21.15 27.92 -28.57 -1.86 14.89 -36.02 -4.97
22.78 -23.63 -0.78 21.31 -23.65 -20.92 27.92 -28.57 -1.86 13.34 -38.86 -5.89
23.39 -23.50 -0.65 21.31 -23.65 -20.92 27.92 -28.57 -1.86 13.34 -38.86 -5.89
23.39 -23.50 -0.65 21.31 -23.65 -20.92 26.52 -28.60 -1.92 13.34 -38.86 -5.89
23.39 -23.50 -0.65 23.57 -26.26 -22.10 26.52 -28.60 -1.92 14.00 -35.86 -4.92
23.05 -23.63 -0.92 23.57 -26.26 -22.10 26.52 -28.60 -1.92 14.00 -35.86 -4.92
23.05 -23.63 -0.92 23.57 -26.26 -22.10 27.89 -28.52 -1.71 14.00 -35.86 -4.92
23.05 -23.63 -0.92 20.10 -26.18 -22.13 27.89 -28.52 -1.71 14.00 -35.86 -4.92
22.15 -23.71 -1.05 20.10 -26.18 -22.13 27.89 -28.52 -1.71 12.50 -39.07 -6.52
22.15 -23.71 -1.05 20.10 -26.18 -22.13 27.28 -28.55 -1.89 12.50 -39.07 -6.52
22.15 -23.71 -1.05 20.10 -26.18 -22.13 27.28 -28.55 -1.89 12.50 -39.07 -6.52
21.65 -23.89 -0.76 23.52 -26.21 -22.18 27.28 -28.55 -1.89 11.23 -40.18 -6.18
21.65 -23.89 -0.76 23.52 -26.21 -22.18 26.92 -28.57 -1.81 11.23 -40.18 -6.18
21.65 -23.89 -0.76 23.52 -26.21 -22.18 26.92 -28.57 -1.81 11.23 -40.18 -6.18
23.15 -23.57 -0.73 20.02 -26.73 -22.26 26.92 -28.57 -1.81 13.71 -35.94 -4.94
23.15 -23.57 -0.73 20.02 -26.73 -22.26 28.39 -28.50 -1.68 13.71 -35.94 -4.94
23.15 -23.57 -0.73 20.02 -26.73 -22.26 28.39 -28.50 -1.68 13.71 -35.94 -4.94
24.15 -23.47 -0.89 23.34 -26.84 -22.21 28.39 -28.50 -1.68 13.71 -35.94 -4.94
24.15 -23.47 -0.89 23.34 -26.84 -22.21 27.15 -28.76 -1.86 12.97 -39.13 -5.92
24.15 -23.47 -0.89 23.34 -26.84 -22.21 27.15 -28.76 -1.86 12.97 -39.13 -5.92
22.28 -23.60 -0.92 23.34 -26.84 -22.21 27.15 -28.76 -1.86 12.97 -39.13 -5.92
22.28 -23.60 -0.92 20.18 -26.05 -22.05 27.65 -28.73 -1.65 12.76 -40.34 -6.18
21.26 -23.76 -1.00 20.18 -26.05 -22.05 27.65 -28.73 -1.65 12.76 -40.34 -6.18
21.26 -23.76 -1.00 20.18 -26.05 -22.05 27.65 -28.73 -1.65 12.76 -40.34 -6.18
21.26 -23.76 -1.00 23.21 -26.86 -22.21 28.39 -28.55 -1.86 12.86 -40.57 -6.21
22.94 -23.63 -0.73 23.21 -26.86 -22.21 28.39 -28.55 -1.86 12.86 -40.57 -6.21
22.94 -23.63 -0.73 23.21 -26.86 -22.21 28.39 -28.55 -1.86 12.86 -40.57 -6.21
22.94 -23.63 -0.73 20.86 -23.71 -21.10 26.81 -28.55 -2.05 12.86 -40.57 -6.21
23.65 -23.63 -0.60 20.86 -23.71 -21.10 26.81 -28.55 -2.05 14.00 -39.26 -5.92
23.65 -23.63 -0.60 20.86 -23.71 -21.10 27.81 -28.47 -1.78 14.00 -39.26 -5.92
23.65 -23.63 -0.60 20.86 -23.71 -21.10 27.81 -28.47 -1.78 14.00 -39.26 -5.92
22.44 -23.86 -1.18 23.39 -26.39 -22.15 27.81 -28.47 -1.78 12.68 -39.97 -6.15
22.44 -23.86 -1.18 23.39 -26.39 -22.15 27.39 -28.50 -1.94 12.68 -39.97 -6.15
22.44 -23.86 -1.18 23.39 -26.39 -22.15 27.39 -28.50 -1.94 12.68 -39.97 -6.15
21.97 -23.73 -1.15 19.81 -26.81 -22.23 27.39 -28.50 -1.94 11.97 -40.44 -5.28
21.97 -23.73 -1.15 19.81 -26.81 -22.23 26.47 -28.57 -1.81 11.97 -40.44 -5.28
21.97 -23.73 -1.15 19.81 -26.81 -22.23 26.47 -28.57 -1.81 11.97 -40.44 -5.28
22.39 -23.60 -0.76 19.81 -26.81 -22.23 26.47 -28.57 -1.81 11.97 -40.44 -5.28
22.39 -23.60 -0.76 24.39 -23.42 -21.07 28.13 -28.89 -1.50 11.94 -42.68 -5.10
22.39 -23.60 -0.76 24.39 -23.42 -21.07 28.13 -28.89 -1.50 11.94 -42.68 -5.10
23.28 -23.52 -0.60 24.39 -23.42 -21.07 28.13 -28.89 -1.50 11.94 -42.68 -5.10
23.28 -23.52 -0.60 20.05 -26.31 -23.13 27.34 -28.94 -1.76 12.02 -38.92 -6.00
23.28 -23.52 -0.60 20.05 -26.31 -23.13 27.34 -28.94 -1.76 12.02 -38.92 -6.00
23.47 -23.60 -0.97 20.05 -26.31 -23.13 27.34 -28.94 -1.76 12.02 -38.92 -6.00
23.47 -23.60 -0.97 22.71 -28.10 -22.34 27.47 -28.52 -1.73 12.00 -39.63 -6.05
23.47 -23.60 -0.97 22.71 -28.10 -22.34 27.47 -28.52 -1.73 12.00 -39.63 -6.05
22.15 -23.65 -0.97 22.71 -28.10 -22.34 27.47 -28.52 -1.73 12.00 -39.63 -6.05
22.15 -23.65 -0.97 22.71 -28.10 -22.34 28.60 -28.55 -1.84 14.10 -36.10 -4.94
22.15 -23.65 -0.97 20.21 -26.21 -22.05 28.60 -28.55 -1.84 14.10 -36.10 -4.94
21.50 -23.92 -0.86 20.21 -26.21 -22.05 28.60 -28.55 -1.84 14.10 -36.10 -4.94
21.50 -23.92 -0.86 20.21 -26.21 -22.05 27.02 -28.57 -1.97 14.10 -36.10 -4.94
22.94 -23.97 -0.73 23.18 -27.10 -22.39 27.02 -28.57 -1.97 13.23 -39.15 -5.92
22.94 -23.97 -0.73 23.18 -27.10 -22.39 27.02 -28.57 -1.97 13.23 -39.15 -5.92
22.94 -23.97 -0.73 23.18 -27.10 -22.39 27.76 -28.55 -1.73 13.23 -39.15 -5.92
23.76 -23.65 -0.81 23.18 -27.10 -22.39 27.76 -28.55 -1.73 13.39 -39.23 -5.97
23.76 -23.65 -0.81 20.97 -25.81 -21.92 27.76 -28.55 -1.73 13.39 -39.23 -5.97
23.76 -23.65 -0.81 20.97 -25.81 -21.92 27.57 -28.57 -1.86 13.39 -39.23 -5.97
22.31 -23.60 -0.97 20.97 -25.81 -21.92 27.57 -28.57 -1.86 15.10 -36.10 -5.05
22.31 -23.60 -0.97 23.21 -26.02 -22.05 27.57 -28.57 -1.86 15.10 -36.10 -5.05
22.31 -23.60 -0.97 23.21 -26.02 -22.05 26.39 -28.60 -1.86 15.10 -36.10 -5.05
21.39 -23.78 -1.07 23.21 -26.02 -22.05 26.39 -28.60 -1.86 15.10 -36.10 -5.05
21.39 -23.78 -1.07 20.60 -27.05 -22.34 26.39 -28.60 -1.86 14.15 -39.21 -5.92
21.39 -23.78 -1.07 20.60 -27.05 -22.34 28.00 -28.52 -1.65 14.15 -39.21 -5.92
22.97 -23.55 -0.76 20.60 -27.05 -22.34 28.00 -28.52 -1.65 14.15 -39.21 -5.92
22.97 -23.55 -0.76 20.60 -27.05 -22.34 28.00 -28.52 -1.65 12.97 -39.05 -5.94
22.97 -23.55 -0.76 24.63 -24.92 -21.81 27.21 -28.76 -1.84 12.97 -39.05 -5.94
23.73 -23.44 -0.60 24.63 -24.92 -21.81 27.21 -28.76 -1.84 12.97 -39.05 -5.94
23.73 -23.44 -0.60 24.63 -24.92 -21.81 27.42 -28.55 -1.47 13.92 -35.89 -4.94
23.73 -23.44 -0.60 22.73 -25.34 -21.92 27.42 -28.55 -1.47 13.92 -35.89 -4.94
22.55 -23.65 -0.97 22.73 -25.34 -21.92 27.42 -28.55 -1.47 13.92 -35.89 -4.94
22.55 -23.65 -0.97 22.73 -25.34 -21.92 28.60 -28.44 -1.78 13.92 -35.89 -4.94
22.55 -23.65 -0.97 21.57 -26.97 -22.26 28.60 -28.44 -1.78 12.44 -39.07 -5.89
21.92 -23.76 -1.15 21.57 -26.97 -22.26 28.60 -28.44 -1.78 12.44 -39.07 -5.89
21.92 -23.76 -1.15 21.57 -26.97 -22.26 27.00 -28.52 -2.02 12.44 -39.07 -5.89
21.92 -23.76 -1.15 21.57 -26.97 -22.26 27.00 -28.52 -2.02 11.94 -38.97 -5.89
22.57 -23.57 -0.76 22.15 -25.71 -22.02 27.00 -28.52 -2.02 11.94 -38.97 -5.89
22.57 -23.57 -0.76 22.15 -25.71 -22.02 27.78 -28.55 -1.76 11.94 -38.97 -5.89
22.57 -23.57 -0.76 22.15 -25.71 -22.02 27.78 -28.55 -1.76 12.13 -39.02 -5.89
23.23 -23.76 -0.55 22.84 -25.84 -22.00 27.78 -28.55 -1.76 12.13 -39.02 -5.89
23.23 -23.76 -0.55 22.84 -25.84 -22.00 27.39 -28.55 -1.89 12.13 -39.02 -5.89
23.36 -23.63 -0.97 22.84 -25.84 -22.00 27.39 -28.55 -1.89 12.13 -39.02 -5.89
23.36 -23.63 -0.97 22.84 -25.84 -22.00 27.39 -28.55 -1.89 12.84 -39.21 -5.94
23.36 -23.63 -0.97 21.44 -26.15 -22.02 26.65 -28.73 -1.76 12.84 -39.21 -5.94
22.15 -23.68 -1.05 21.44 -26.15 -22.02 26.65 -28.73 -1.76 12.84 -39.21 -5.94
22.15 -23.68 -1.05 21.44 -26.15 -22.02 26.65 -28.73 -1.76 13.44 -39.07 -5.92
22.15 -23.68 -1.05 22.65 -25.28 -21.86 28.31 -28.68 -1.57 13.44 -39.07 -5.92
21.55 -23.68 -0.84 22.65 -25.28 -21.86 28.31 -28.68 -1.57 13.44 -39.07 -5.92
21.55 -23.68 -0.84 22.65 -25.28 -21.86 28.31 -28.68 -1.57 13.65 -39.18 -5.94
21.55 -23.68 -0.84 22.65 -26.15 -22.15 27.13 -28.55 -1.97 13.65 -39.18 -5.94
23.15 -23.55 -0.73 22.65 -26.15 -22.15 27.13 -28.55 -1.97 13.65 -39.18 -5.94
23.15 -23.55 -0.73 22.65 -26.15 -22.15 27.13 -28.55 -1.97 13.65 -39.18 -5.94
23.15 -23.55 -0.73 22.65 -26.15 -22.15 27.76 -28.71 -1.65 14.02 -39.28 -5.94
24.07 -23.71 -0.84 22.94 -24.63 -21.65 27.76 -28.71 -1.65 14.02 -39.28 -5.94
24.07 -23.71 -0.84 22.94 -24.63 -21.65 27.76 -28.71 -1.65 14.02 -39.28 -5.94
24.07 -23.71 -0.84 22.94 -24.63 -21.65 27.94 -28.60 -1.92 12.78 -39.44 -6.02
22.31 -23.60 -0.94 22.84 -26.07 -22.10 27.94 -28.60 -1.92 12.78 -39.44 -6.02
22.31 -23.60 -0.94 22.84 -26.07 -22.10 27.94 -28.60 -1.92 12.78 -39.44 -6.02
22.31 -23.60 -0.94 22.84 -26.07 -22.10 26.50 -28.60 -1.92 12.44 -39.44 -5.94
21.23 -23.76 -0.97 21.94 -26.05 -21.92 26.50 -28.60 -1.92 12.44 -39.44 -5.94
21.23 -23.76 -0.97 21.94 -26.05 -21.92 26.50 -28.60 -1.92 12.44 -39.44 -5.94
21.23 -23.76 -0.97 21.94 -26.05 -21.92 28.00 -28.57 -1.65 12.44 -39.44 -5.94
22.94 -23.78 -0.73 21.94 -26.05 -21.92 28.00 -28.57 -1.65 12.52 -38.97 -5.92
22.94 -23.78 -0.73 23.55 -25.13 -21.92 28.00 -28.57 -1.65 12.52 -38.97 -5.92
22.94 -23.78 -0.73 23.55 -25.13 -21.92 27.23 -28.55 -1.92 12.52 -38.97 -5.92
23.86 -23.47 -0.57 23.55 -25.13 -21.92 27.23 -28.55 -1.92 11.73 -39.23 -5.89
23.86 -23.47 -0.57 22.26 -25.44 -21.86 27.52 -28.55 -1.76 11.73 -39.23 -5.89
23.86 -23.47 -0.57 22.26 -25.44 -21.86 27.52 -28.55 -1.76 11.73 -39.23 -5.89
22.52 -23.57 -0.94 22.26 -25.44 -21.86 27.52 -28.55 -1.76 12.60 -39.50 -5.92
22.52 -23.57 -0.94 24.07 -22.92 -21.05 28.73 -28.47 -1.89 12.60 -39.50 -5.92
22.52 -23.57 -0.94 24.07 -22.92 -21.05 28.73 -28.47 -1.89 12.60 -39.50 -5.92
21.86 -23.76 -1.18 24.07 -22.92 -21.05 28.73 -28.47 -1.89 12.60 -39.50 -5.92
21.86 -23.76 -1.18 24.07 -22.92 -21.05 26.84 -28.57 -1.78 13.21 -39.13 -5.94
22.47 -23.84 -0.73 22.89 -25.10 -21.81 26.84 -28.57 -1.78 13.21 -39.13 -5.94
22.47 -23.84 -0.73 22.89 -25.10 -21.81 26.84 -28.57 -1.78 13.21 -39.13 -5.94
22.47 -23.84 -0.73 22.89 -25.10 -21.81 27.76 -28.57 -1.47 13.57 -39.10 -5.97
22.76 -23.76 -0.65 22.73 -25.71 -22.10 27.76 -28.57 -1.47 13.57 -39.10 -5.97
22.76 -23.76 -0.65 22.73 -25.71 -22.10 27.76 -28.57 -1.47 13.57 -39.10 -5.97
22.76 -23.76 -0.65 22.73 -25.71 -22.10 27.36 -28.76 -1.84 14.13 -39.21 -5.92
23.50 -23.60 -0.94 22.73 -25.71 -22.10 27.36 -28.76 -1.84 14.13 -39.21 -5.92
23.50 -23.60 -0.94 23.26 -23.15 -20.97 27.36 -28.76 -1.84 14.13 -39.21 -5.92
23.50 -23.60 -0.94 23.26 -23.15 -20.97 26.92 -28.57 -1.76 15.02 -35.81 -4.94
22.15 -23.65 -1.02 23.26 -23.15 -20.97 26.92 -28.57 -1.76 15.02 -35.81 -4.94
22.15 -23.65 -1.02 22.10 -26.23 -22.23 26.92 -28.57 -1.76 15.02 -35.81 -4.94
22.15 -23.65 -1.02 22.10 -26.23 -22.23 28.44 -28.47 -1.73 15.02 -35.81 -4.94
21.31 -23.92 -0.81 22.10 -26.23 -22.23 28.44 -28.47 -1.73 12.81 -39.10 -5.94
21.31 -23.92 -0.81 22.00 -25.63 -21.89 28.44 -28.47 -1.73 12.81 -39.10 -5.94
21.31 -23.92 -0.81 22.00 -25.63 -21.89 27.10 -28.55 -2.00 12.81 -39.10 -5.94
23.18 -23.65 -0.76 22.00 -25.63 -21.89 27.10 -28.55 -2.00 12.39 -39.42 -5.86
23.18 -23.65 -0.76 22.00 -25.63 -21.89 27.10 -28.55 -2.00 12.39 -39.42 -5.86
23.18 -23.65 -0.76 22.28 -25.92 -22.15 27.81 -28.78 -1.68 12.39 -39.42 -5.86
24.21 -23.50 -0.81 22.28 -25.92 -22.15 27.81 -28.78 -1.68 13.78 -35.73 -4.92
24.21 -23.50 -0.81 22.28 -25.92 -22.15 27.81 -28.78 -1.68 13.78 -35.73 -4.92
24.21 -23.50 -0.81 21.26 -26.68 -22.18 27.57 -28.60 -1.92 13.78 -35.73 -4.92
22.31 -23.63 -0.97 21.26 -26.68 -22.18 27.57 -28.60 -1.92 13.78 -35.73 -4.92
22.31 -23.63 -0.97 21.26 -26.68 -22.18 27.57 -28.60 -1.92 11.92 -38.97 -5.89
22.31 -23.63 -0.97 22.36 -26.23 -22.15 26.44 -28.57 -1.89 11.92 -38.97 -5.89
21.07 -23.86 -1.10 22.36 -26.23 -22.15 26.44 -28.57 -1.89 11.92 -38.97 -5.89
21.07 -23.86 -1.10 22.36 -26.23 -22.15 26.44 -28.57 -1.89 12.44 -39.00 -5.86
21.07 -23.86 -1.10 22.36 -26.23 -22.15 28.07 -28.55 -1.60 12.44 -39.00 -5.86
22.78 -24.00 -0.76 22.02 -26.34 -22.10 28.07 -28.55 -1.60 12.44 -39.00 -5.86
22.78 -24.00 -0.76 22.02 -26.34 -22.10 28.07 -28.55 -1.60 14.60 -35.92 -5.50
23.52 -23.86 -0.55 22.02 -26.34 -22.10 27.21 -28.57 -1.89 14.60 -35.92 -5.50
23.52 -23.86 -0.55 22.02 -26.21 -22.18 27.21 -28.57 -1.89 14.60 -35.92 -5.50
23.52 -23.86 -0.55 22.02 -26.21 -22.18 27.21 -28.57 -1.89 14.60 -35.92 -5.50
22.39 -24.26 -0.97 22.02 -26.21 -22.18 27.60 -28.52 -1.73 12.89 -39.73 -6.07
22.39 -24.26 -0.97 22.02 -26.21 -22.18 27.60 -28.52 -1.73 12.89 -39.73 -6.07
22.39 -24.26 -0.97 23.47 -24.65 -20.15 28.55 -28.47 -1.86 12.89 -39.73 -6.07
21.86 -23.92 -1.13 23.47 -24.65 -20.15 28.55 -28.47 -1.86 14.15 -38.71 -5.89
21.86 -23.92 -1.13 23.47 -24.65 -20.15 28.55 -28.47 -1.86 14.15 -38.71 -5.89
21.86 -23.92 -1.13 22.36 -26.05 -22.10 26.84 -28.76 -2.00 14.15 -38.71 -5.89
22.36 -23.65 -0.78 22.36 -26.05 -22.10 26.84 -28.76 -2.00 14.15 -35.76 -4.92
22.36 -23.65 -0.78 22.36 -26.05 -22.10 26.84 -28.76 -2.00 14.15 -35.76 -4.92
22.36 -23.65 -0.78 21.57 -26.02 -22.02 27.78 -28.73 -1.63 14.15 -35.76 -4.92
23.23 -23.57 -0.65 21.57 -26.02 -22.02 27.78 -28.73 -1.63 14.15 -35.76 -4.92
23.23 -23.57 -0.65 21.57 -26.02 -22.02 27.78 -28.73 -1.63 13.21 -39.15 -5.97
23.23 -23.57 -0.65 21.57 -26.02 -22.02 27.31 -28.57 -1.92 13.21 -39.15 -5.97
23.44 -23.81 -0.97 23.44 -23.00 -21.05 27.31 -28.57 -1.92 13.21 -39.15 -5.97
23.44 -23.81 -0.97 23.44 -23.00 -21.05 27.31 -28.57 -1.92 13.00 -38.71 -5.78
23.44 -23.81 -0.97 23.44 -23.00 -21.05 27.05 -28.55 -1.78 13.00 -38.71 -5.78
22.18 -23.68 -1.07 21.60 -26.42 -22.05 27.05 -28.55 -1.78 13.00 -38.71 -5.78
22.18 -23.68 -1.07 21.60 -26.42 -22.05 27.05 -28.55 -1.78 12.52 -38.86 -5.78
24.07 -23.42 -0.71 20.63 -27.71 -22.23 27.42 -28.92 -1.78 14.26 -36.89 -5.13
24.07 -23.42 -0.71 20.63 -27.71 -22.23 27.42 -28.92 -1.78 14.26 -36.89 -5.13
22.47 -23.65 -0.94 20.63 -27.71 -22.23 27.02 -28.89 -1.63 14.26 -36.89 -5.13
23.15 -23.57 -0.73 23.50 -23.10 -21.05 27.10 -28.76 -1.92 11.89 -39.02 -5.89
23.15 -23.57 -0.73 22.18 -25.78 -21.97 27.10 -28.76 -1.92 11.89 -39.02 -5.89
23.15 -23.57 -0.73 22.18 -25.78 -21.97 27.31 -28.71 -1.65 12.89 -38.84 -5.86
23.97 -24.07 -0.71 22.18 -25.78 -21.97 27.31 -28.71 -1.65 12.89 -38.84 -5.86
23.97 -24.07 -0.71 22.15 -26.02 -22.13 27.31 -28.71 -1.65 12.89 -38.84 -5.86
22.05 -24.23 -0.92 22.15 -26.02 -22.13 27.44 -28.55 -1.92 13.07 -39.50 -6.00
22.05 -24.23 -0.92 22.15 -26.02 -22.13 27.44 -28.55 -1.92 13.07 -39.50 -6.00
22.05 -24.23 -0.92 22.15 -26.02 -22.13 27.44 -28.55 -1.92 13.07 -39.50 -6.00
21.02 -24.44 -1.02 23.05 -23.15 -20.94 26.55 -28.76 -1.76 13.07 -39.50 -6.00
21.02 -24.44 -1.02 23.05 -23.15 -20.94 26.55 -28.76 -1.76 14.23 -38.44 -5.78
21.02 -24.44 -1.02 23.05 -23.15 -20.94 26.55 -28.76 -1.76 14.23 -38.44 -5.78
22.73 -24.21 -0.71 21.94 -26.63 -22.21 28.10 -28.52 -1.65 14.23 -38.44 -5.78
22.73 -24.21 -0.71 21.94 -26.63 -22.21 28.10 -28.52 -1.65 14.31 -38.97 -5.84
22.73 -24.21 -0.71 21.94 -26.63 -22.21 28.10 -28.52 -1.65 14.31 -38.97 -5.84
23.57 -23.84 -0.57 21.21 -27.10 -22.23 27.15 -28.57 -1.97 14.31 -38.97 -5.84
23.57 -23.84 -0.57 21.21 -27.10 -22.23 27.15 -28.57 -1.97 13.42 -38.94 -5.94
23.57 -23.84 -0.57 21.21 -27.10 -22.23 27.15 -28.57 -1.97 13.42 -38.94 -5.94
22.36 -24.05 -0.97 21.21 -27.10 -22.23 27.60 -28.57 -1.78 13.42 -38.94 -5.94
22.36 -24.05 -0.97 21.94 -26.15 -22.13 27.60 -28.57 -1.78 13.42 -38.94 -5.94
22.36 -24.05 -0.97 21.94 -26.15 -22.13 27.60 -28.57 -1.78 12.94 -38.81 -5.86
21.73 -24.10 -1.13 21.94 -26.15 -22.13 28.55 -28.50 -1.89 12.94 -38.81 -5.86
21.73 -24.10 -1.13 21.92 -25.73 -21.97 28.55 -28.50 -1.89 12.94 -38.81 -5.86
21.73 -24.10 -1.13 21.92 -25.73 -21.97 26.86 -28.60 -1.81 12.73 -38.71 -5.76
22.39 -23.63 -0.78 21.92 -25.73 -21.97 26.86 -28.60 -1.81 12.73 -38.71 -5.76
22.39 -23.63 -0.78 22.23 -26.13 -22.13 26.86 -28.60 -1.81 12.73 -38.71 -5.76
22.39 -23.63 -0.78 22.23 -26.13 -22.13 27.97 -28.52 -1.44 11.81 -38.92 -5.89
23.23 -23.55 -0.68 22.23 -26.13 -22.13 27.97 -28.52 -1.44 11.81 -38.92 -5.89
23.23 -23.55 -0.68 22.23 -26.13 -22.13 27.97 -28.52 -1.44 11.81 -38.92 -5.89
23.23 -23.55 -0.68 21.92 -26.18 -22.07 27.39 -28.73 -1.86 11.81 -38.92 -5.89
23.65 -23.78 -0.92 21.92 -26.18 -22.07 27.39 -28.73 -1.86 13.81 -35.94 -9.65
23.65 -23.78 -0.92 21.92 -26.18 -22.07 27.39 -28.73 -1.86 13.81 -35.94 -9.65
23.65 -23.78 -0.92 22.92 -23.26 -21.02 26.73 -28.78 -1.71 13.81 -35.94 -9.65
21.92 -24.26 -1.02 22.92 -23.26 -21.02 26.73 -28.78 -1.71 14.07 -36.50 -5.00
21.92 -24.26 -1.02 22.92 -23.26 -21.02 26.73 -28.78 -1.71 14.07 -36.50 -5.00
21.92 -24.26 -1.02 22.92 -23.26 -21.02 28.28 -28.50 -1.65 14.07 -36.50 -5.00
21.00 -24.18 -0.81 22.36 -24.26 -21.05 28.28 -28.50 -1.65 13.84 -39.39 -5.94
21.00 -24.18 -0.81 22.36 -24.26 -21.05 28.28 -28.50 -1.65 13.84 -39.39 -5.94
22.94 -24.00 -0.73 22.36 -24.26 -21.05 27.13 -28.55 -1.97 13.84 -39.39 -5.94
22.94 -24.00 -0.73 22.02 -26.21 -22.13 27.13 -28.55 -1.97 15.39 -36.07 -4.94
22.94 -24.00 -0.73 22.02 -26.21 -22.13 27.13 -28.55 -1.97 15.39 -36.07 -4.94
23.94 -23.86 -0.68 22.02 -26.21 -22.13 27.73 -28.55 -1.78 15.39 -36.07 -4.94
23.94 -23.86 -0.68 21.68 -26.18 -22.07 27.73 -28.55 -1.78 15.39 -36.07 -4.94
23.94 -23.86 -0.68 21.68 -26.18 -22.07 27.73 -28.55 -1.78 14.05 -39.21 -5.94
22.21 -24.02 -0.97 21.68 -26.18 -22.07 27.84 -28.55 -1.86 14.05 -39.21 -5.94
22.21 -24.02 -0.97 21.68 -26.18 -22.07 27.84 -28.55 -1.86 14.05 -39.21 -5.94
22.21 -24.02 -0.97 22.44 -26.47 -22.23 27.84 -28.55 -1.86 12.42 -39.71 -6.10
21.34 -24.23 -1.10 22.44 -26.47 -22.23 26.44 -28.60 -1.89 12.42 -39.71 -6.10
21.34 -24.23 -1.10 22.44 -26.47 -22.23 26.44 -28.60 -1.89 12.42 -39.71 -6.10
21.34 -24.23 -1.10 21.73 -26.15 -22.05 26.44 -28.60 -1.89 13.81 -35.84 -4.92
22.78 -24.05 -0.76 21.73 -26.15 -22.05 27.97 -28.52 -1.63 13.81 -35.84 -4.92
22.78 -24.05 -0.76 21.73 -26.15 -22.05 27.97 -28.52 -1.63 13.81 -35.84 -4.92
22.78 -24.05 -0.76 21.44 -26.28 -22.21 27.97 -28.52 -1.63 13.81 -35.84 -4.92
23.36 -24.02 -0.55 21.44 -26.28 -22.21 27.18 -28.57 -1.94 12.39 -39.76 -6.00
23.36 -24.02 -0.55 21.44 -26.28 -22.21 27.18 -28.57 -1.94 12.39 -39.76 -6.00
23.36 -24.02 -0.55 21.44 -26.28 -22.21 27.18 -28.57 -1.94 12.39 -39.76 -6.00
22.44 -24.42 -0.94 22.86 -26.86 -22.21 27.55 -28.52 -1.84 10.86 -40.71 -6.23
22.44 -24.42 -0.94 22.86 -26.86 -22.21 27.55 -28.52 -1.84 10.86 -40.71 -6.23
22.44 -24.42 -0.94 22.86 -26.86 -22.21 27.55 -28.52 -1.84 10.86 -40.71 -6.23
21.84 -24.13 -1.13 20.21 -27.36 -22.31 28.52 -28.52 -1.86 11.97 -40.36 -6.05
21.84 -24.13 -1.13 20.21 -27.36 -22.31 28.52 -28.52 -1.86 11.97 -40.36 -6.05
21.84 -24.13 -1.13 20.21 -27.36 -22.31 26.84 -28.57 -2.07 11.97 -40.36 -6.05
22.21 -23.89 -0.78 23.31 -20.57 -20.84 26.84 -28.57 -2.07 11.97 -40.36 -6.05
22.21 -23.89 -0.78 23.31 -20.57 -20.84 26.84 -28.57 -2.07 13.07 -39.10 -5.92
22.21 -23.89 -0.78 23.31 -20.57 -20.84 27.92 -28.52 -1.73 13.07 -39.10 -5.92
23.34 -23.52 -0.52 23.31 -20.57 -20.84 27.92 -28.52 -1.73 13.07 -39.10 -5.92
23.34 -23.52 -0.52 20.50 -26.05 -22.00 27.92 -28.52 -1.73 13.00 -39.89 -6.13
23.76 -23.60 -0.92 20.50 -26.05 -22.00 26.84 -28.68 -1.84 13.00 -39.89 -6.13
23.76 -23.60 -0.92 20.50 -26.05 -22.00 26.84 -28.68 -1.84 13.00 -39.89 -6.13
23.76 -23.60 -0.92 22.94 -26.34 -22.34 26.84 -28.68 -1.84 13.39 -40.10 -6.02
22.21 -23.65 -1.02 22.94 -26.34 -22.34 26.92 -28.89 -1.65 13.39 -40.10 -6.02
22.21 -23.65 -1.02 22.94 -26.34 -22.34 26.92 -28.89 -1.65 13.39 -40.10 -6.02
22.21 -23.65 -1.02 22.94 -26.34 -22.34 26.92 -28.89 -1.65 13.39 -40.10 -6.02
21.00 -24.15 -0.86 21.84 -23.23 -20.71 28.57 -29.21 -1.47 13.44 -42.76 -5.07
21.00 -24.15 -0.86 21.84 -23.23 -20.71 28.57 -29.21 -1.47 13.44 -42.76 -5.07
21.00 -24.15 -0.86 21.84 -23.23 -20.71 28.57 -29.21 -1.47 13.44 -42.76 -5.07
22.94 -24.05 -0.73 22.78 -26.34 -22.36 27.26 -29.23 -1.76 12.18 -39.94 -6.15
22.94 -24.05 -0.73 22.78 -26.34 -22.36 27.26 -29.23 -1.76 12.18 -39.94 -6.15
22.94 -24.05 -0.73 22.78 -26.34 -22.36 27.26 -29.23 -1.76 12.18 -39.94 -6.15
24.18 -23.42 -0.76 20.21 -28.02 -22.68 27.86 -28.92 -1.63 12.00 -40.05 -6.05
24.18 -23.42 -0.76 20.21 -28.02 -22.68 27.86 -28.92 -1.63 12.00 -40.05 -6.05
24.18 -23.42 -0.76 20.21 -28.02 -22.68 27.86 -28.92 -1.63 12.00 -40.05 -6.05
22.36 -23.65 -0.94 20.21 -28.02 -22.68 27.76 -28.86 -1.78 13.42 -35.97 -4.89
22.36 -23.65 -0.94 22.28 -26.21 -22.31 27.76 -28.86 -1.78 13.42 -35.97 -4.89
22.36 -23.65 -0.94 22.28 -26.21 -22.31 27.76 -28.86 -1.78 13.42 -35.97 -4.89
21.57 -23.81 -1.15 22.28 -26.21 -22.31 26.52 -28.97 -1.76 13.42 -35.97 -4.89
21.57 -23.81 -1.15 20.63 -26.92 -22.05 26.52 -28.97 -1.76 11.89 -38.94 -5.89
21.57 -23.81 -1.15 20.63 -26.92 -22.05 26.52 -28.97 -1.76 11.89 -38.94 -5.89
22.86 -23.60 -0.76 20.63 -26.92 -22.05 28.10 -28.86 -1.50 11.89 -38.94 -5.89
22.86 -23.60 -0.76 20.63 -26.92 -22.05 28.10 -28.86 -1.50 12.44 -39.05 -5.89
22.86 -23.60 -0.76 20.50 -26.73 -22.34 28.10 -28.86 -1.50 12.44 -39.05 -5.89
23.50 -23.47 -0.57 20.50 -26.73 -22.34 27.31 -28.86 -1.84 12.44 -39.05 -5.89
23.50 -23.47 -0.57 20.50 -26.73 -22.34 27.31 -28.86 -1.84 14.39 -36.00 -4.94
23.50 -23.47 -0.57 21.07 -26.02 -21.81 27.31 -28.86 -1.84 14.39 -36.00 -4.94
22.73 -23.84 -0.92 21.07 -26.02 -21.81 27.71 -28.86 -1.60 14.39 -36.00 -4.94
22.73 -23.84 -0.92 21.07 -26.02 -21.81 27.71 -28.86 -1.60 14.39 -36.00 -4.94
21.89 -24.10 -1.02 22.39 -27.07 -22.55 27.71 -28.86 -1.60 13.15 -39.18 -5.94
21.89 -24.10 -1.02 22.39 -27.07 -22.55 28.39 -28.52 -1.86 13.15 -39.18 -5.94
21.89 -24.10 -1.02 22.39 -27.07 -22.55 28.39 -28.52 -1.86 13.15 -39.18 -5.94
21.73 -23.86 -0.78 22.39 -27.07 -22.55 28.39 -28.52 -1.86 13.44 -39.23 -5.94
21.73 -23.86 -0.78 21.71 -24.68 -20.94 27.05 -28.71 -2.42 13.44 -39.23 -5.94
21.73 -23.86 -0.78 21.71 -24.68 -20.94 27.05 -28.71 -2.42 13.44 -39.23 -5.94
23.13 -23.57 -0.68 21.71 -24.68 -20.94 27.89 -28.52 -1.73 14.84 -36.50 -5.00
23.13 -23.57 -0.68 24.05 -25.36 -22.18 27.89 -28.52 -1.73 14.84 -36.50 -5.00
23.13 -23.57 -0.68 24.05 -25.36 -22.18 27.89 -28.52 -1.73 14.84 -36.50 -5.00
24.10 -23.50 -0.84 24.05 -25.36 -22.18 27.36 -28.92 -1.84 14.84 -36.50 -5.00
24.10 -23.50 -0.84 20.42 -26.92 -22.07 27.36 -28.92 -1.84 13.63 -39.15 -5.92
24.10 -23.50 -0.84 20.42 -26.92 -22.07 27.36 -28.92 -1.84 13.63 -39.15 -5.92
22.28 -23.63 -0.92 20.42 -26.92 -22.07 27.13 -28.86 -1.63 13.63 -39.15 -5.92
22.28 -23.63 -0.92 20.42 -26.92 -22.07 27.13 -28.86 -1.63 12.68 -39.02 -5.92
22.28 -23.63 -0.92 23.92 -25.23 -22.21 27.13 -28.86 -1.63 12.68 -39.02 -5.92
21.23 -23.81 -0.94 23.92 -25.23 -22.21 28.55 -28.84 -1.65 12.68 -39.02 -5.92
21.23 -23.81 -0.94 23.92 -25.23 -22.21 28.55 -28.84 -1.65 12.60 -38.94 -5.78
21.23 -23.81 -0.94 22.05 -25.28 -21.63 28.55 -28.84 -1.65 12.60 -38.94 -5.78
23.02 -23.65 -0.73 22.05 -25.28 -21.63 27.15 -28.92 -1.92 12.60 -38.94 -5.78
23.02 -23.65 -0.73 22.05 -25.28 -21.63 27.15 -28.92 -1.92 12.60 -38.94 -5.78
23.02 -23.65 -0.73 22.10 -27.44 -22.52 27.15 -28.92 -1.92 12.34 -39.02 -5.86
23.94 -23.47 -0.63 22.10 -27.44 -22.52 27.86 -28.89 -1.63 12.34 -39.02 -5.86
23.94 -23.47 -0.63 22.10 -27.44 -22.52 27.86 -28.89 -1.63 12.34 -39.02 -5.86
23.94 -23.47 -0.63 22.10 -27.44 -22.52 27.86 -28.89 -1.63 11.76 -39.02 -5.89
22.50 -23.68 -0.94 22.28 -25.65 -21.78 27.55 -29.07 -1.73 11.76 -39.02 -5.89
22.50 -23.68 -0.94 22.28 -25.65 -21.78 27.55 -29.07 -1.73 11.76 -39.02 -5.89
22.50 -23.68 -0.94 22.28 -25.65 -21.78 27.55 -29.07 -1.73 12.73 -39.07 -5.86
21.71 -24.00 -1.07 22.78 -26.55 -22.23 26.68 -28.86 -1.73 12.73 -39.07 -5.86
21.71 -24.00 -1.07 22.78 -26.55 -22.23 26.68 -28.86 -1.73 12.73 -39.07 -5.86
21.71 -24.00 -1.07 22.78 -26.55 -22.23 26.68 -28.86 -1.73 12.73 -39.07 -5.86
22.84 -23.55 -0.76 22.78 -26.55 -22.23 28.36 -29.02 -1.42 12.81 -39.65 -5.97
22.84 -23.55 -0.76 22.05 -26.26 -21.86 28.36 -29.02 -1.42 12.81 -39.65 -5.97
23.44 -23.52 -0.63 22.05 -26.26 -21.86 28.36 -29.02 -1.42 12.81 -39.65 -5.97
23.44 -23.52 -0.63 22.05 -26.26 -21.86 27.10 -28.55 -2.00 13.18 -39.55 -6.05
23.44 -23.52 -0.63 23.39 -25.39 -22.07 27.10 -28.55 -2.00 13.18 -39.55 -6.05
22.89 -23.63 -0.94 23.39 -25.39 -22.07 27.10 -28.55 -2.00 13.18 -39.55 -6.05
22.89 -23.63 -0.94 23.39 -25.39 -22.07 27.73 -28.60 -1.76 13.68 -39.65 -6.00
22.89 -23.63 -0.94 22.07 -25.47 -21.81 27.73 -28.60 -1.76 13.68 -39.65 -6.00
22.07 -23.73 -1.07 22.07 -25.47 -21.81 27.73 -28.60 -1.76 13.68 -39.65 -6.00
22.07 -23.73 -1.07 22.07 -25.47 -21.81 27.92 -28.52 -1.94 13.68 -39.65 -6.00
22.07 -23.73 -1.07 22.07 -25.47 -21.81 27.92 -28.52 -1.94 13.97 -39.05 -5.94
21.92 -23.86 -0.78 23.97 -24.94 -21.94 27.92 -28.52 -1.94 13.97 -39.05 -5.94
21.92 -23.86 -0.78 23.97 -24.94 -21.94 26.60 -28.57 -1.97 13.97 -39.05 -5.94
21.92 -23.86 -0.78 23.97 -24.94 -21.94 26.60 -28.57 -1.97 12.92 -38.78 -5.84
23.23 -23.55 -0.65 22.05 -25.86 -21.89 26.60 -28.57 -1.97 12.92 -38.78 -5.84
23.23 -23.55 -0.65 22.05 -25.86 -21.89 27.97 -28.52 -1.68 12.92 -38.78 -5.84
23.23 -23.55 -0.65 22.05 -25.86 -21.89 27.97 -28.52 -1.68 12.60 -38.94 -5.81
23.78 -23.57 -0.89 22.68 -26.18 -22.21 27.39 -29.05 -1.63 12.60 -38.94 -5.81
23.78 -23.57 -0.89 22.68 -26.18 -22.21 27.39 -29.05 -1.63 12.60 -38.94 -5.81
23.78 -23.57 -0.89 22.68 -26.18 -22.21 27.39 -29.05 -1.63 12.60 -38.94 -5.81
22.15 -23.86 -0.97 22.68 -26.18 -22.21 27.55 -29.05 -1.52 13.15 -39.55 -6.02
22.15 -23.86 -0.97 23.05 -25.02 -21.81 27.55 -29.05 -1.52 13.15 -39.55 -6.02
22.15 -23.86 -0.97 23.05 -25.02 -21.81 27.55 -29.05 -1.52 13.15 -39.55 -6.02
21.23 -23.71 -0.89 23.05 -25.02 -21.81 28.68 -29.05 -1.63 12.26 -39.42 -5.94
21.23 -23.71 -0.89 22.94 -25.57 -22.07 28.68 -29.05 -1.63 12.26 -39.42 -5.94
21.23 -23.71 -0.89 22.94 -25.57 -22.07 28.68 -29.05 -1.63 12.26 -39.42 -5.94
23.07 -23.52 -0.78 22.94 -25.57 -22.07 27.05 -28.92 -1.92 12.68 -40.05 -6.05
23.07 -23.52 -0.78 23.47 -22.76 -20.92 27.05 -28.92 -1.92 12.68 -40.05 -6.05
23.07 -23.52 -0.78 23.47 -22.76 -20.92 27.05 -28.92 -1.92 12.68 -40.05 -6.05
24.07 -23.39 -0.71 23.47 -22.76 -20.92 27.89 -28.84 -1.60 14.55 -36.07 -5.00
24.07 -23.39 -0.71 23.47 -22.76 -20.92 27.89 -28.84 -1.60 14.55 -36.07 -5.00
22.28 -23.84 -1.00 21.18 -26.31 -22.15 27.89 -28.84 -1.60 14.55 -36.07 -5.00
22.28 -23.84 -1.00 21.18 -26.31 -22.15 27.39 -28.52 -1.92 14.55 -36.07 -5.00
22.28 -23.84 -1.00 21.18 -26.31 -22.15 27.39 -28.52 -1.92 13.42 -39.23 -5.97
21.57 -24.02 -1.15 22.86 -25.55 -21.94 27.39 -28.52 -1.92 13.42 -39.23 -5.97
21.57 -24.02 -1.15 22.86 -25.55 -21.94 26.76 -28.55 -1.78 13.42 -39.23 -5.97
21.57 -24.02 -1.15 22.86 -25.55 -21.94 26.76 -28.55 -1.78 14.07 -39.10 -5.92
22.84 -23.63 -0.73 22.86 -25.55 -21.94 26.76 -28.55 -1.78 14.07 -39.10 -5.92
22.84 -23.63 -0.73 22.60 -22.92 -21.63 28.31 -28.68 -1.57 14.07 -39.10 -5.92
22.84 -23.63 -0.73 22.60 -22.92 -21.63 28.31 -28.68 -1.57 14.55 -35.81 -4.94
23.42 -23.50 -0.60 22.60 -22.92 -21.63 28.31 -28.68 -1.57 14.55 -35.81 -4.94
23.42 -23.50 -0.60 21.94 -26.71 -22.15 27.13 -28.55 -2.00 14.55 -35.81 -4.94
23.42 -23.50 -0.60 21.94 -26.71 -22.15 27.13 -28.55 -2.00 14.55 -35.81 -4.94
22.73 -23.78 -0.97 21.94 -26.71 -22.15 27.13 -28.55 -2.00 12.60 -39.07 -5.94
22.73 -23.78 -0.97 21.89 -26.15 -22.10 27.71 -28.60 -1.73 12.60 -39.07 -5.94
22.73 -23.78 -0.97 21.89 -26.15 -22.10 27.71 -28.60 -1.73 12.60 -39.07 -5.94
22.07 -23.68 -1.07 21.89 -26.15 -22.10 27.71 -28.60 -1.73 12.23 -39.44 -5.89
22.07 -23.68 -1.07 21.89 -26.15 -22.10 27.86 -28.50 -1.89 12.23 -39.44 -5.89
22.07 -23.68 -1.07 23.42 -25.73 -22.00 27.86 -28.50 -1.89 12.23 -39.44 -5.89
22.21 -23.63 -0.76 23.42 -25.73 -22.00 27.86 -28.50 -1.89 13.57 -35.68 -4.89
22.21 -23.63 -0.76 23.42 -25.73 -22.00 26.47 -28.15 -1.92 13.57 -35.68 -4.89
22.21 -23.63 -0.76 21.57 -25.97 -22.07 26.47 -28.15 -1.92 13.57 -35.68 -4.89
23.26 -23.52 -0.68 21.57 -25.97 -22.07 26.47 -28.15 -1.92 13.57 -35.68 -4.89
23.26 -23.52 -0.68 21.57 -25.97 -22.07 27.97 -28.52 -1.71 11.47 -39.50 -6.02
23.26 -23.52 -0.68 21.57 -25.97 -22.07 27.97 -28.52 -1.71 11.47 -39.50 -6.02
23.63 -23.76 -0.92 24.31 -22.86 -20.94 27.36 -29.05 -1.71 11.47 -39.50 -6.02
23.63 -23.76 -0.92 24.31 -22.86 -20.94 27.36 -29.05 -1.71 13.65 -38.57 -5.76
23.63 -23.76 -0.92 24.31 -22.86 -20.94 27.36 -29.05 -1.71 13.65 -38.57 -5.76
22.21 -23.60 -0.97 21.97 -26.50 -22.18 27.65 -29.00 -1.55 13.65 -38.57 -5.76
22.21 -23.60 -0.97 21.97 -26.50 -22.18 27.65 -29.00 -1.55 13.42 -38.15 -3.84
21.23 -23.76 -0.86 21.97 -26.50 -22.18 27.65 -29.00 -1.55 13.42 -38.15 -3.84
21.23 -23.76 -0.86 21.68 -26.02 -22.02 28.52 -28.71 -1.78 13.42 -38.15 -3.84
21.23 -23.76 -0.86 21.68 -26.02 -22.02 28.52 -28.71 -1.78 13.42 -38.15 -3.84
22.97 -23.78 -0.73 21.68 -26.02 -22.02 28.52 -28.71 -1.78 13.31 -39.23 -6.02
22.97 -23.78 -0.73 21.68 -26.02 -22.02 26.81 -28.60 -2.00 13.31 -39.23 -6.02
22.97 -23.78 -0.73 22.18 -25.84 -22.07 26.81 -28.60 -2.00 13.31 -39.23 -6.02
23.97 -23.63 -0.73 22.18 -25.84 -22.07 26.81 -28.60 -2.00 14.36 -38.86 -5.84
23.97 -23.63 -0.73 22.18 -25.84 -22.07 27.86 -28.50 -1.73 14.36 -38.86 -5.84
23.97 -23.63 -0.73 21.81 -25.78 -21.97 27.86 -28.50 -1.73 14.36 -38.86 -5.84
22.39 -23.65 -0.97 21.81 -25.78 -21.97 27.86 -28.50 -1.73 12.84 -39.36 -5.97
22.39 -23.65 -0.97 21.81 -25.78 -21.97 27.28 -28.52 -1.94 12.84 -39.36 -5.97
22.39 -23.65 -0.97 22.28 -26.13 -22.15 27.28 -28.52 -1.94 12.84 -39.36 -5.97
21.65 -23.78 -1.10 22.28 -26.13 -22.15 27.28 -28.52 -1.94 12.84 -39.36 -5.97
21.65 -23.78 -1.10 22.28 -26.13 -22.15 27.18 -28.76 -1.68 12.55 -39.07 -5.92
21.65 -23.78 -1.10 22.28 -26.13 -22.15 27.18 -28.76 -1.68 12.55 -39.07 -5.92
22.78 -23.84 -0.78 21.94 -25.84 -22.02 27.18 -28.76 -1.68 12.55 -39.07 -5.92
22.78 -23.84 -0.78 21.94 -25.84 -22.02 28.52 -28.50 -1.78 12.39 -39.21 -5.84
22.78 -23.84 -0.78 21.94 -25.84 -22.02 28.52 -28.50 -1.78 12.39 -39.21 -5.84
23.47 -23.50 -0.57 22.13 -26.60 -22.21 28.52 -28.50 -1.78 12.39 -39.21 -5.84
23.47 -23.50 -0.57 22.13 -26.60 -22.21 27.05 -28.60 -2.02 11.71 -39.26 -5.94
23.47 -23.50 -0.57 22.13 -26.60 -22.21 27.05 -28.60 -2.02 11.71 -39.26 -5.94
22.86 -23.63 -0.97 22.84 -23.00 -20.92 27.05 -28.60 -2.02 11.71 -39.26 -5.94
22.86 -23.63 -0.97 22.84 -23.00 -20.92 27.81 -28.57 -1.73 11.71 -39.26 -5.94
22.86 -23.63 -0.97 22.84 -23.00 -20.92 27.81 -28.57 -1.73 12.07 -39.05 -5.94
22.05 -23.71 -1.13 22.84 -23.00 -20.92 27.81 -28.57 -1.73 12.07 -39.05 -5.94
22.05 -23.71 -1.13 21.89 -26.50 -22.21 27.57 -28.55 -1.89 12.07 -39.05 -5.94
22.05 -23.71 -1.13 21.89 -26.50 -22.21 27.57 -28.55 -1.89 13.52 -38.81 -5.81
22.18 -23.86 -0.71 21.89 -26.50 -22.21 27.57 -28.55 -1.89 13.52 -38.81 -5.81
22.18 -23.86 -0.71 21.57 -26.36 -22.07 26.44 -28.63 -1.78 13.52 -38.81 -5.81
22.18 -23.86 -0.71 21.57 -26.36 -22.07 26.44 -28.63 -1.78 13.52 -38.97 -5.92
23.18 -23.71 -0.92 21.57 -26.36 -22.07 26.44 -28.63 -1.78 13.52 -38.97 -5.92
23.18 -23.71 -0.92 21.57 -26.36 -22.07 28.02 -28.52 -1.65 13.52 -38.97 -5.92
23.50 -23.78 -0.89 23.42 -23.05 -21.07 28.02 -28.52 -1.65 13.52 -38.97 -5.92
23.50 -23.78 -0.89 23.42 -23.05 -21.07 28.02 -28.52 -1.65 14.68 -38.44 -5.73
23.50 -23.78 -0.89 23.42 -23.05 -21.07 27.21 -28.34 -1.65 14.68 -38.44 -5.73
22.13 -23.84 -1.02 21.76 -25.78 -21.92 27.21 -28.34 -1.65 14.68 -38.44 -5.73
22.13 -23.84 -1.02 21.76 -25.78 -21.92 27.57 -28.71 -1.63 13.55 -38.73 -5.86
22.13 -23.84 -1.02 21.76 -25.78 -21.92 27.57 -28.71 -1.63 13.55 -38.73 -5.86
21.44 -23.68 -0.89 22.02 -26.71 -22.23 27.57 -28.71 -1.63 13.55 -38.73 -5.86
21.44 -23.68 -0.89 22.02 -26.71 -22.23 28.60 -28.73 -1.76 12.68 -38.97 -5.86
21.44 -23.68 -0.89 22.02 -26.71 -22.23 28.60 -28.73 -1.76 12.68 -38.97 -5.86
23.13 -23.55 -0.73 22.02 -26.71 -22.23 28.60 -28.73 -1.76 12.68 -38.97 -5.86
23.13 -23.55 -0.73 21.55 -26.13 -22.02 26.97 -28.73 -1.94 13.92 -35.76 -4.86
23.13 -23.55 -0.73 21.55 -26.13 -22.02 26.97 -28.73 -1.94 13.92 -35.76 -4.86
24.13 -23.50 -0.86 21.55 -26.13 -22.02 26.97 -28.73 -1.94 13.92 -35.76 -4.86
24.13 -23.50 -0.86 22.07 -26.28 -22.23 27.89 -28.71 -1.68 13.92 -35.76 -4.86
24.13 -23.50 -0.86 22.07 -26.28 -22.23 27.89 -28.71 -1.68 12.26 -38.94 -5.84
22.31 -23.63 -0.97 22.07 -26.28 -22.23 27.89 -28.71 -1.68 12.26 -38.94 -5.84
22.31 -23.63 -0.97 21.39 -26.50 -22.07 27.34 -28.52 -1.94 12.26 -38.94 -5.84
22.31 -23.63 -0.97 21.39 -26.50 -22.07 27.34 -28.52 -1.94 12.07 -38.97 -5.86
21.23 -23.81 -0.97 21.39 -26.50 -22.07 27.34 -28.52 -1.94 12.07 -38.97 -5.86
21.23 -23.81 -0.97 21.39 -26.50 -22.07 26.84 -28.52 -1.81 12.07 -38.97 -5.86
21.23 -23.81 -0.97 22.02 -26.21 -22.15 26.84 -28.52 -1.81 14.47 -35.86 -4.94
22.97 -23.63 -0.76 22.02 -26.21 -22.15 26.84 -28.52 -1.81 14.47 -35.86 -4.94
22.97 -23.63 -0.76 22.02 -26.21 -22.15 28.42 -28.47 -1.71 14.47 -35.86 -4.94
22.97 -23.63 -0.76 21.50 -26.13 -22.02 28.42 -28.47 -1.71 14.47 -35.86 -4.94
23.78 -23.65 -0.13 21.50 -26.13 -22.02 28.42 -28.47 -1.71 12.92 -39.57 -6.00
23.78 -23.65 -0.13 21.50 -26.13 -22.02 27.07 -28.57 -2.00 12.92 -39.57 -6.00
23.78 -23.65 -0.13 21.50 -26.13 -22.02 27.07 -28.57 -2.00 12.92 -39.57 -6.00
22.47 -23.65 -0.94 22.84 -23.68 -21.15 27.07 -28.57 -2.00 14.00 -39.26 -5.89
22.47 -23.65 -0.94 22.84 -23.68 -21.15 27.73 -28.55 -1.73 14.00 -39.26 -5.89
21.81 -23.78 -1.15 22.84 -23.68 -21.15 27.73 -28.55 -1.73 14.00 -39.26 -5.89
21.81 -23.78 -1.15 21.44 -26.13 -22.00 27.73 -28.55 -1.73 13.60 -39.89 0.31
21.81 -23.78 -1.15 21.44 -26.13 -22.00 27.50 -28.57 -1.92 13.60 -39.89 0.31
22.60 -23.63 -0.76 21.44 -26.13 -22.00 27.50 -28.57 -1.92 13.60 -39.89 0.31
22.60 -23.63 -0.76 22.05 -26.31 -22.18 27.50 -28.57 -1.92 13.60 -39.89 0.31
22.60 -23.63 -0.76 22.05 -26.31 -22.18 26.42 -28.52 -1.84 13.39 -39.60 -6.00
23.34 -23.55 -0.55 22.05 -26.31 -22.18 26.42 -28.52 -1.84 13.39 -39.60 -6.00
23.34 -23.55 -0.55 22.05 -26.31 -22.18 26.42 -28.52 -1.84 13.39 -39.60 -6.00
23.34 -23.55 -0.55 21.36 -26.68 -22.15 28.13 -28.50 -1.63 11.97 -40.21 -6.15
23.31 -23.60 -0.92 21.36 -26.68 -22.15 28.13 -28.50 -1.63 11.97 -40.21 -6.15
23.31 -23.60 -0.92 21.36 -26.68 -22.15 28.13 -28.50 -1.63 11.97 -40.21 -6.15
23.31 -23.60 -0.92 21.86 -26.84 -22.28 27.15 -28.55 -1.97 11.73 -40.23 -6.00
22.13 -23.71 -1.05 21.86 -26.84 -22.28 27.15 -28.55 -1.97 11.73 -40.23 -6.00
22.13 -23.71 -1.05 21.86 -26.84 -22.28 27.15 -28.55 -1.97 11.73 -40.23 -6.00
22.13 -23.71 -1.05 21.39 -26.71 -22.18 27.71 -28.52 -1.78 11.73 -40.23 -6.00
21.57 -23.84 -0.81 21.39 -26.71 -22.18 27.71 -28.52 -1.78 12.28 -38.89 -5.84
21.57 -23.84 -0.81 21.39 -26.71 -22.18 28.26 -28.55 -1.89 12.28 -38.89 -5.84
21.57 -23.84 -0.81 21.39 -26.71 -22.18 28.26 -28.55 -1.89 12.28 -38.89 -5.84
23.07 -23.81 -0.73 21.39 -26.23 -22.15 28.26 -28.55 -1.89 11.23 -40.31 -6.15
23.07 -23.81 -0.73 21.39 -26.23 -22.15 26.63 -28.63 -1.97 11.23 -40.31 -6.15
23.07 -23.81 -0.73 21.39 -26.23 -22.15 26.63 -28.63 -1.97 11.23 -40.31 -6.15
24.21 -23.55 -0.86 21.55 -26.76 -22.18 26.63 -28.63 -1.97 12.34 -40.44 -6.15
24.21 -23.55 -0.86 21.55 -26.76 -22.18 27.89 -28.52 -1.71 12.34 -40.44 -6.15
24.21 -23.55 -0.86 21.55 -26.76 -22.18 27.89 -28.52 -1.71 12.34 -40.44 -6.15
22.28 -23.63 -0.97 22.55 -23.26 -21.02 27.89 -28.52 -1.71 14.31 -36.13 -5.02
22.28 -23.63 -0.97 22.55 -23.26 -21.02 27.21 -28.55 -1.94 14.31 -36.13 -5.02
22.28 -23.63 -0.97 22.55 -23.26 -21.02 27.21 -28.55 -1.94 14.31 -36.13 -5.02
21.21 -23.78 -1.00 22.55 -23.26 -21.02 27.21 -28.55 -1.94 14.31 -36.13 -5.02
21.21 -23.78 -1.00 22.86 -26.34 -22.10 27.39 -28.89 -1.63 12.63 -40.15 -6.18
21.21 -23.78 -1.00 22.86 -26.34 -22.10 27.39 -28.89 -1.63 12.63 -40.15 -6.18
23.05 -23.63 -0.71 22.86 -26.34 -22.10 27.39 -28.89 -1.63 12.63 -40.15 -6.18
23.05 -23.63 -0.71 20.39 -26.73 -22.28 28.65 -28.57 -1.81 12.89 -40.55 -6.26
24.02 -23.44 -0.65 20.39 -26.73 -22.28 28.65 -28.57 -1.81 12.89 -40.55 -6.26
24.02 -23.44 -0.65 20.39 -26.73 -22.28 28.65 -28.57 -1.81 12.89 -40.55 -6.26
24.02 -23.44 -0.65 20.39 -26.73 -22.28 26.94 -28.55 -2.02 14.76 -37.00 -5.23
22.31 -23.84 -0.97 23.73 -24.15 -22.57 26.94 -28.55 -2.02 14.76 -37.00 -5.23
22.31 -23.84 -0.97 23.73 -24.15 -22.57 26.94 -28.55 -2.02 14.76 -37.00 -5.23
22.31 -23.84 -0.97 23.73 -24.15 -22.57 27.84 -28.52 -1.71 14.76 -37.00 -5.23
21.44 -24.26 -1.13 20.02 -27.07 -22.36 27.84 -28.52 -1.71 13.63 -39.10 -5.92
21.44 -24.26 -1.13 20.02 -27.07 -22.36 27.84 -28.52 -1.71 13.63 -39.10 -5.92
21.44 -24.26 -1.13 20.02 -27.07 -22.36 27.36 -28.55 -1.94 13.63 -39.10 -5.92
22.97 -23.65 -0.73 22.42 -27.71 -22.42 27.36 -28.55 -1.94 12.39 -39.50 -5.97
22.97 -23.65 -0.73 22.42 -27.71 -22.42 27.36 -28.55 -1.94 12.39 -39.50 -5.97
22.97 -23.65 -0.73 22.42 -27.71 -22.42 26.65 -28.55 -1.81 12.39 -39.50 -5.97
23.63 -23.47 -0.57 22.42 -27.71 -22.42 26.65 -28.55 -1.81 13.65 -36.15 -4.71
23.63 -23.47 -0.57 19.97 -26.07 -22.10 26.65 -28.55 -1.81 13.65 -36.15 -4.71
23.63 -23.47 -0.57 19.97 -26.07 -22.10 28.36 -28.42 -1.65 13.65 -36.15 -4.71
22.55 -23.68 -0.92 19.97 -26.07 -22.10 28.36 -28.42 -1.65 13.65 -36.15 -4.71
22.55 -23.68 -0.92 22.89 -27.00 -22.31 28.36 -28.42 -1.65 12.31 -38.97 -5.78
22.55 -23.68 -0.92 22.89 -27.00 -22.31 27.05 -28.52 -1.76 12.31 -38.97 -5.78
21.89 -23.78 -1.15 22.89 -27.00 -22.31 27.05 -28.52 -1.76 12.31 -38.97 -5.78
21.89 -23.78 -1.15 22.89 -27.00 -22.31 27.86 -28.84 -1.50 11.76 -38.97 -5.86
21.89 -23.78 -1.15 20.94 -25.78 -21.94 27.86 -28.84 -1.50 11.76 -38.97 -5.86
22.57 -23.60 -0.78 20.94 -25.78 -21.94 27.86 -28.84 -1.50 11.76 -38.97 -5.86
22.57 -23.60 -0.78 20.94 -25.78 -21.94 27.84 -28.57 -1.89 13.55 -36.47 -4.94
22.57 -23.60 -0.78 24.50 -25.13 -21.86 27.84 -28.57 -1.89 13.55 -36.47 -4.94
23.23 -23.68 -0.55 24.50 -25.13 -21.86 27.84 -28.57 -1.89 13.55 -36.47 -4.94
23.23 -23.68 -0.55 24.50 -25.13 -21.86 26.44 -28.60 -1.89 13.55 -36.47 -4.94
23.23 -23.68 -0.55 20.28 -26.94 -22.34 26.44 -28.60 -1.89 13.07 -39.15 -5.89
23.44 -24.02 -0.86 20.28 -26.94 -22.34 26.44 -28.60 -1.89 13.07 -39.15 -5.89
23.44 -24.02 -0.86 20.28 -26.94 -22.34 28.07 -28.52 -1.60 13.07 -39.15 -5.89
22.02 -23.89 -1.07 20.28 -26.94 -22.34 28.07 -28.52 -1.60 13.36 -39.15 -5.97
22.02 -23.89 -1.07 24.81 -24.89 -21.73 28.07 -28.52 -1.60 13.36 -39.15 -5.97
22.02 -23.89 -1.07 24.81 -24.89 -21.73 27.15 -28.60 -1.94 13.36 -39.15 -5.97
21.57 -23.71 -0.78 24.81 -24.89 -21.73 27.15 -28.60 -1.94 13.63 -39.65 -5.94
21.57 -23.71 -0.78 21.84 -25.26 -21.94 27.15 -28.60 -1.94 13.63 -39.65 -5.94
21.57 -23.71 -0.78 21.84 -25.26 -21.94 27.60 -28.50 -1.73 13.63 -39.65 -5.94
23.18 -23.57 -0.65 21.84 -25.26 -21.94 27.60 -28.50 -1.73 13.63 -39.65 -5.94
23.18 -23.57 -0.65 22.68 -26.92 -22.26 27.60 -28.50 -1.73 14.00 -39.18 -5.89
23.18 -23.57 -0.65 22.68 -26.92 -22.26 28.36 -28.55 -1.89 14.00 -39.18 -5.89
24.07 -23.55 -0.86 22.68 -26.92 -22.26 28.36 -28.55 -1.89 14.00 -39.18 -5.89
24.07 -23.55 -0.86 22.68 -26.92 -22.26 28.36 -28.55 -1.89 12.73 -39.02 -5.92
24.07 -23.55 -0.86 21.36 -25.07 -21.84 26.65 -28.76 -1.94 12.73 -39.02 -5.92
22.23 -23.63 -1.00 21.36 -25.07 -21.84 26.65 -28.76 -1.94 12.73 -39.02 -5.92
22.23 -23.63 -1.00 21.36 -25.07 -21.84 26.65 -28.76 -1.94 12.57 -38.94 -5.84
22.23 -23.63 -1.00 24.26 -26.00 -22.00 27.89 -28.52 -1.68 12.57 -38.94 -5.84
21.23 -23.76 -0.89 24.26 -26.00 -22.00 27.89 -28.52 -1.68 12.57 -38.94 -5.84
21.23 -23.76 -0.89 24.26 -26.00 -22.00 27.89 -28.52 -1.68 12.57 -38.94 -5.84
21.23 -23.76 -0.89 19.26 -27.73 -22.31 27.34 -28.73 -1.84 12.34 -39.02 -5.81
23.13 -23.63 -0.73 19.26 -27.73 -22.31 27.34 -28.73 -1.84 12.34 -39.02 -5.81
23.13 -23.63 -0.73 19.26 -27.73 -22.31 27.34 -28.73 -1.84 12.34 -39.02 -5.81
23.13 -23.63 -0.73 19.26 -27.73 -22.31 27.28 -28.57 -1.76 11.42 -39.44 -5.97
24.26 -23.47 -0.81 24.28 -25.78 -22.10 27.28 -28.57 -1.76 11.42 -39.44 -5.97
24.26 -23.47 -0.81 24.28 -25.78 -22.10 27.28 -28.57 -1.76 11.42 -39.44 -5.97
24.26 -23.47 -0.81 24.28 -25.78 -22.10 28.60 -28.50 -1.81 12.63 -39.50 -5.92
22.00 -24.26 -0.89 21.00 -25.84 -21.92 28.60 -28.50 -1.81 12.63 -39.50 -5.92
22.00 -24.26 -0.89 21.00 -25.84 -21.92 28.60 -28.50 -1.81 12.63 -39.50 -5.92
22.00 -24.26 -0.89 21.00 -25.84 -21.92 27.02 -28.52 -2.05 12.63 -39.50 -5.92
21.10 -24.21 -1.02 21.00 -25.84 -21.92 27.02 -28.52 -2.05 12.97 -39.52 -5.94
21.10 -24.21 -1.02 24.21 -25.86 -21.94 27.78 -28.50 -1.76 12.97 -39.52 -5.94
22.97 -23.63 -0.76 24.21 -25.86 -21.94 27.78 -28.50 -1.76 12.97 -39.52 -5.94
22.97 -23.63 -0.76 24.21 -25.86 -21.94 27.78 -28.50 -1.76 13.57 -39.07 -5.92
22.97 -23.63 -0.76 21.10 -25.26 -21.89 27.36 -28.52 -1.89 13.57 -39.07 -5.92
23.86 -23.47 -0.57 21.10 -25.26 -21.89 27.36 -28.52 -1.89 13.57 -39.07 -5.92
23.86 -23.47 -0.57 21.10 -25.26 -21.89 27.36 -28.52 -1.89 14.13 -39.15 -5.92
23.86 -23.47 -0.57 24.21 -25.71 -21.97 26.71 -28.76 -1.76 14.13 -39.15 -5.92
22.47 -23.68 -0.97 24.21 -25.71 -21.97 26.71 -28.76 -1.76 14.13 -39.15 -5.92
22.47 -23.68 -0.97 24.21 -25.71 -21.97 26.71 -28.76 -1.76 14.50 -36.05 -4.94
22.47 -23.68 -0.97 24.21 -25.71 -21.97 28.36 -28.47 -1.65 14.50 -36.05 -4.94
21.63 -24.00 -1.13 20.13 -26.18 -22.00 28.36 -28.47 -1.65 14.50 -36.05 -4.94
21.63 -24.00 -1.13 20.13 -26.18 -22.00 28.36 -28.47 -1.65 14.50 -36.05 -4.94
21.63 -24.00 -1.13 20.13 -26.18 -22.00 27.13 -28.76 -1.92 12.76 -39.07 -5.94
22.89 -23.60 -0.73 24.13 -26.07 -22.07 27.13 -28.76 -1.92 12.76 -39.07 -5.94
22.89 -23.60 -0.73 24.13 -26.07 -22.07 27.13 -28.76 -1.92 12.76 -39.07 -5.94
22.89 -23.60 -0.73 24.13 -26.07 -22.07 27.76 -28.50 -1.76 12.28 -39.44 -5.97
23.55 -23.47 -0.55 20.92 -26.07 -21.94 27.76 -28.50 -1.76 12.28 -39.44 -5.97
23.55 -23.47 -0.55 20.92 -26.07 -21.94 27.76 -28.50 -1.76 12.28 -39.44 -5.97
23.55 -23.47 -0.55 20.92 -26.07 -21.94 27.76 -28.55 -1.92 13.10 -36.31 -4.92
22.60 -23.63 -0.97 20.92 -26.07 -21.94 27.76 -28.55 -1.92 13.10 -36.31 -4.92
22.60 -23.63 -0.97 22.55 -26.39 -22.44 27.76 -28.55 -1.92 13.10 -36.31 -4.92
22.60 -23.63 -0.97 22.55 -26.39 -22.44 26.44 -28.60 -1.89 13.10 -36.31 -4.92
21.92 -23.78 -1.13 22.55 -26.39 -22.44 26.44 -28.60 -1.89 11.71 -39.36 -5.94
21.92 -23.78 -1.13 21.81 -25.42 -21.65 26.44 -28.60 -1.89 11.71 -39.36 -5.94
21.92 -23.78 -1.13 21.81 -25.42 -21.65 28.02 -28.57 -1.65 11.71 -39.36 -5.94
22.55 -23.57 -0.76 21.81 -25.42 -21.65 28.02 -28.57 -1.65 12.02 -39.42 -5.86
22.55 -23.57 -0.76 24.31 -22.84 -21.21 28.02 -28.57 -1.65 12.02 -39.42 -5.86
22.55 -23.57 -0.76 24.31 -22.84 -21.21 27.21 -28.52 -1.92 12.02 -39.42 -5.86
23.18 -23.89 -0.65 24.31 -22.84 -21.21 27.21 -28.52 -1.92 14.39 -35.97 -4.92
23.18 -23.89 -0.65 24.31 -22.84 -21.21 27.21 -28.52 -1.92 14.39 -35.97 -4.92
23.18 -23.89 -0.65 21.23 -26.47 -22.00 27.60 -28.57 -1.76 14.39 -35.97 -4.92
23.00 -24.00 -0.92 21.23 -26.47 -22.00 27.60 -28.57 -1.76 14.39 -35.97 -4.92
23.00 -24.00 -0.92 21.23 -26.47 -22.00 27.60 -28.57 -1.76 13.23 -39.07 -5.89
21.86 -24.28 -1.07 22.73 -26.07 -22.18 28.47 -28.52 -1.86 13.23 -39.07 -5.89
21.86 -24.28 -1.07 22.73 -26.07 -22.18 28.47 -28.52 -1.86 13.23 -39.07 -5.89
21.86 -24.28 -1.07 22.73 -26.07 -22.18 28.47 -28.52 -1.86 13.55 -39.18 -6.00
21.57 -24.05 -0.81 22.73 -26.07 -22.18 26.57 -28.68 -1.78 13.55 -39.18 -6.00
21.57 -24.05 -0.81 23.02 -23.18 -19.78 26.57 -28.68 -1.78 13.55 -39.18 -6.00
21.57 -24.05 -0.81 23.02 -23.18 -19.78 27.94 -28.68 -1.65 14.44 -38.81 -0.55
23.18 -23.55 -0.76 23.02 -23.18 -19.78 27.94 -28.68 -1.65 14.44 -38.81 -0.55
23.18 -23.55 -0.76 23.39 -23.21 -21.07 27.94 -28.68 -1.65 14.44 -38.81 -0.55
23.18 -23.55 -0.76 23.39 -23.21 -21.07 27.28 -28.50 -1.97 14.44 -38.81 -0.55
24.02 -23.76 -0.76 23.39 -23.21 -21.07 27.28 -28.50 -1.97 14.23 -36.21 -4.94
24.02 -23.76 -0.76 22.84 -22.97 -20.97 27.28 -28.50 -1.97 14.23 -36.21 -4.94
24.02 -23.76 -0.76 22.84 -22.97 -20.97 27.02 -28.47 -1.81 14.23 -36.21 -4.94
22.26 -23.65 -0.97 22.84 -22.97 -20.97 27.02 -28.47 -1.81 12.28 -39.60 -6.00
22.26 -23.65 -0.97 22.84 -22.97 -20.97 27.02 -28.47 -1.81 12.28 -39.60 -6.00
22.26 -23.65 -0.97 21.73 -25.94 -22.10 28.57 -28.63 -1.71 12.28 -39.60 -6.00
21.10 -23.76 -0.94 21.73 -25.94 -22.10 28.57 -28.63 -1.71 12.39 -39.26 -5.84
21.10 -23.76 -0.94 21.73 -25.94 -22.10 28.57 -28.63 -1.71 12.39 -39.26 -5.84
21.10 -23.76 -0.94 22.18 -26.00 -22.00 27.07 -28.71 -1.94 12.39 -39.26 -5.84
23.05 -23.63 -0.76 22.18 -26.00 -22.00 27.07 -28.71 -1.94 12.39 -39.26 -5.84
23.05 -23.63 -0.76 22.18 -26.00 -22.00 27.07 -28.71 -1.94 12.23 -38.94 -5.86
23.05 -23.63 -0.76 22.18 -26.00 -22.00 27.81 -28.55 -1.76 12.23 -38.94 -5.86
24.00 -23.63 -0.68 22.44 -23.34 -21.05 27.81 -28.55 -1.76 12.23 -38.94 -5.86
24.00 -23.63 -0.68 22.44 -23.34 -21.05 27.81 -28.55 -1.76 12.36 -38.57 -5.73
24.00 -23.63 -0.68 22.44 -23.34 -21.05 27.42 -28.57 -1.94 12.36 -38.57 -5.73
22.26 -24.00 -1.02 22.21 -26.34 -22.05 27.42 -28.57 -1.94 12.36 -38.57 -5.73
22.26 -24.00 -1.02 22.21 -26.34 -22.05 27.42 -28.57 -1.94 13.15 -38.86 -5.84
22.26 -24.00 -1.02 22.21 -26.34 -22.05 26.60 -28.60 -1.81 13.15 -38.86 -5.84
21.47 -24.15 -1.15 21.55 -26.50 -22.13 26.60 -28.60 -1.81 13.15 -38.86 -5.84
21.47 -24.15 -1.15 21.55 -26.50 -22.13 26.60 -28.60 -1.81 13.15 -38.86 -5.84
21.47 -24.15 -1.15 21.55 -26.50 -22.13 28.31 -28.71 -1.55 13.10 -39.15 -5.94
22.57 -24.21 -0.36 21.55 -26.50 -22.13 28.31 -28.71 -1.55 13.10 -39.15 -5.94
22.57 -24.21 -0.36 23.44 -25.68 -21.94 28.31 -28.71 -1.55 13.10 -39.15 -5.94
23.18 -24.13 -0.50 23.44 -25.68 -21.94 27.10 -28.60 -2.00 13.42 -39.42 -6.00
23.18 -24.13 -0.50 23.44 -25.68 -21.94 27.10 -28.60 -2.00 13.42 -39.42 -6.00
23.18 -24.13 -0.50 21.02 -25.94 -22.07 27.10 -28.60 -2.00 13.42 -39.42 -6.00
22.81 -24.02 -0.97 21.02 -25.94 -22.07 27.71 -28.55 -1.73 13.73 -39.97 -6.02
22.81 -24.02 -0.97 21.02 -25.94 -22.07 27.71 -28.55 -1.73 13.73 -39.97 -6.02
22.81 -24.02 -0.97 23.13 -26.05 -22.07 27.71 -28.55 -1.73 13.73 -39.97 -6.02
21.94 -24.15 -1.07 23.13 -26.05 -22.07 28.15 -28.57 -1.89 13.73 -39.97 -6.02
21.94 -24.15 -1.07 23.13 -26.05 -22.07 28.15 -28.57 -1.89 13.52 -39.02 -5.92
21.94 -24.15 -1.07 23.13 -26.05 -22.07 28.15 -28.57 -1.89 13.52 -39.02 -5.92
21.84 -24.23 -0.78 20.21 -26.02 -22.28 26.68 -28.63 -2.02 13.52 -39.02 -5.92
21.84 -24.23 -0.78 20.21 -26.02 -22.28 26.68 -28.63 -2.02 12.89 -38.73 -5.78
21.84 -24.23 -0.78 20.21 -26.02 -22.28 26.68 -28.63 -2.02 12.89 -38.73 -5.78
23.13 -23.97 -0.68 23.26 -27.13 -22.23 27.94 -28.60 -1.73 12.89 -38.73 -5.78
23.13 -23.97 -0.68 23.26 -27.13 -22.23 27.94 -28.60 -1.73 12.57 -38.78 -5.81
23.13 -23.97 -0.68 23.26 -27.13 -22.23 27.28 -28.52 -1.94 12.57 -38.78 -5.81
23.78 -23.57 -0.89 21.42 -22.97 -20.97 27.28 -28.52 -1.94 12.57 -38.78 -5.81
23.78 -23.57 -0.89 21.42 -22.97 -20.97 27.28 -28.52 -1.94 13.07 -35.86 -4.92
23.78 -23.57 -0.89 21.42 -22.97 -20.97 27.05 -28.52 -1.76 13.07 -35.86 -4.92
22.18 -23.65 -1.02 21.42 -22.97 -20.97 27.05 -28.52 -1.76 13.07 -35.86 -4.92
22.18 -23.65 -1.02 22.76 -26.47 -22.34 27.05 -28.52 -1.76 13.07 -35.86 -4.92
22.18 -23.65 -1.02 22.76 -26.47 -22.34 28.60 -28.65 -1.68 11.68 -38.94 -5.94
21.07 -24.34 -0.78 22.76 -26.47 -22.34 28.60 -28.65 -1.68 11.68 -38.94 -5.94
21.07 -24.34 -0.78 20.86 -25.84 -21.76 28.60 -28.65 -1.68 11.68 -38.94 -5.94
21.07 -24.34 -0.78 20.86 -25.84 -21.76 27.07 -28.73 -1.89 12.92 -38.97 -5.78
22.86 -24.28 -0.57 20.86 -25.84 -21.76 27.07 -28.73 -1.89 12.92 -38.97 -5.78
22.86 -24.28 -0.57 20.86 -25.84 -21.76 27.07 -28.73 -1.89 12.92 -38.97 -5.78
22.86 -24.28 -0.57 23.76 -23.21 -21.34 27.89 -28.73 -1.68 15.15 -36.13 -4.94
24.00 -24.07 -0.76 23.76 -23.21 -21.34 27.89 -28.73 -1.68 15.15 -36.13 -4.94
24.00 -24.07 -0.76 23.76 -23.21 -21.34 27.89 -28.73 -1.68 15.15 -36.13 -4.94
22.10 -24.23 -0.97 20.81 -26.13 -21.81 27.52 -28.76 -1.84 15.15 -36.13 -4.94
22.10 -24.23 -0.97 20.81 -26.13 -21.81 27.52 -28.76 -1.84 13.21 -39.13 -5.94
22.10 -24.23 -0.97 20.81 -26.13 -21.81 27.52 -28.76 -1.84 13.21 -39.13 -5.94
21.28 -24.21 -1.07 22.18 -27.28 -22.63 26.47 -28.57 -1.86 13.21 -39.13 -5.94
21.94 -23.73 -1.13 20.89 -27.05 -22.18 28.60 -28.81 -1.57 13.15 -39.10 -5.94
21.94 -23.73 -1.13 20.89 -27.05 -22.18 28.60 -28.81 -1.57 13.15 -39.10 -5.94
22.05 -23.63 -0.81 20.89 -27.05 -22.18 27.10 -28.92 -1.68 13.71 -39.73 -0.73
22.81 -24.02 -0.76 21.26 -26.00 -21.86 28.13 -28.52 -1.68 13.71 -39.73 -0.73
23.42 -23.84 -0.63 21.26 -26.00 -21.86 27.18 -28.57 -1.92 13.71 -39.73 -0.73
23.42 -23.84 -0.63 23.18 -23.39 -21.23 27.18 -28.57 -1.92 13.71 -39.73 -0.73
23.42 -23.84 -0.63 23.18 -23.39 -21.23 27.18 -28.57 -1.92 14.28 -36.18 -4.94
22.47 -24.00 -0.97 23.18 -23.39 -21.23 27.65 -28.60 -1.76 14.28 -36.18 -4.94
22.47 -24.00 -0.97 21.39 -26.00 -21.94 27.65 -28.60 -1.76 14.28 -36.18 -4.94
22.47 -24.00 -0.97 21.39 -26.00 -21.94 27.65 -28.60 -1.76 12.65 -38.94 -5.89
21.81 -24.18 -1.10 21.39 -26.00 -21.94 28.26 -28.50 -1.92 12.65 -38.94 -5.89
21.81 -24.18 -1.10 21.39 -26.00 -21.94 28.26 -28.50 -1.92 12.65 -38.94 -5.89
21.81 -24.18 -1.10 22.10 -26.21 -22.13 28.26 -28.50 -1.92 12.05 -39.63 -5.86
22.34 -24.00 -0.76 22.10 -26.21 -22.13 26.73 -28.63 -2.00 12.05 -39.63 -5.86
22.34 -24.00 -0.76 22.10 -26.21 -22.13 26.73 -28.63 -2.00 12.05 -39.63 -5.86
22.34 -24.00 -0.76 21.42 -26.15 -22.02 26.73 -28.63 -2.00 12.05 -39.63 -5.86
23.28 -23.55 -1.02 21.42 -26.15 -22.02 27.84 -28.57 -1.73 11.76 -39.92 -6.00
23.28 -23.55 -1.02 21.42 -26.15 -22.02 27.84 -28.57 -1.73 11.76 -39.92 -6.00
23.28 -23.55 -1.02 23.15 -23.15 -21.05 27.34 -28.73 -1.84 11.76 -39.92 -6.00
23.28 -23.60 -0.92 23.15 -23.15 -21.05 27.34 -28.73 -1.84 11.65 -39.42 -5.92
23.28 -23.60 -0.92 23.15 -23.15 -21.05 27.34 -28.73 -1.84 11.65 -39.42 -5.92
23.28 -23.60 -0.92 23.15 -23.15 -21.05 26.89 -28.92 -1.68 11.65 -39.42 -5.92
22.18 -23.63 -1.05 22.23 -26.81 -22.21 26.89 -28.92 -1.68 12.34 -40.28 -6.10
22.18 -23.63 -1.05 22.23 -26.81 -22.21 26.89 -28.92 -1.68 12.34 -40.28 -6.10
22.18 -23.63 -1.05 22.23 -26.81 -22.21 28.47 -28.78 -1.60 12.34 -40.28 -6.10
21.44 -23.68 -0.71 20.57 -26.78 -22.21 28.47 -28.78 -1.60 12.34 -40.28 -6.10
21.44 -23.68 -0.71 20.57 -26.78 -22.21 28.47 -28.78 -1.60 13.15 -39.07 -5.92
23.13 -23.60 -0.73 20.57 -26.78 -22.21 27.13 -28.89 -1.84 13.15 -39.07 -5.92
23.13 -23.60 -0.73 20.57 -26.78 -22.21 27.13 -28.89 -1.84 13.15 -39.07 -5.92
23.13 -23.60 -0.73 24.65 -22.65 -21.21 27.13 -28.89 -1.84 14.23 -38.84 -5.86
24.21 -23.44 -0.78 24.65 -22.65 -21.21 27.84 -28.86 -1.63 14.23 -38.84 -5.86
24.21 -23.44 -0.78 24.65 -22.65 -21.21 27.84 -28.86 -1.63 14.23 -38.84 -5.86
24.21 -23.44 -0.78 20.65 -26.21 -22.18 27.84 -28.86 -1.63 13.60 -39.89 -6.07
22.31 -23.60 -0.94 20.65 -26.21 -22.18 27.84 -28.89 -1.81 13.60 -39.89 -6.07
22.31 -23.60 -0.94 20.65 -26.21 -22.18 27.84 -28.89 -1.81 13.60 -39.89 -6.07
22.31 -23.60 -0.94 23.02 -26.31 -22.02 27.84 -28.89 -1.81 13.60 -39.89 -6.07
21.28 -24.00 -1.02 23.02 -26.31 -22.02 26.57 -29.10 -1.68 13.44 -39.13 -5.92
21.28 -24.00 -1.02 23.02 -26.31 -22.02 26.57 -29.10 -1.68 13.44 -39.13 -5.92
21.28 -24.00 -1.02 23.02 -26.31 -22.02 26.57 -29.10 -1.68 13.44 -39.13 -5.92
22.92 -23.84 -0.73 20.00 -26.13 -22.10 28.18 -29.15 -1.36 11.89 -40.28 -6.13
22.92 -23.84 -0.73 20.00 -26.13 -22.10 28.18 -29.15 -1.36 11.89 -40.28 -6.13
22.92 -23.84 -0.73 20.00 -26.13 -22.10 28.18 -29.15 -1.36 11.89 -40.28 -6.13
23.78 -23.42 -0.63 22.84 -27.47 -22.31 27.28 -28.81 -1.78 11.47 -40.76 -6.21
23.78 -23.42 -0.63 22.84 -27.47 -22.31 27.28 -28.81 -1.78 11.47 -40.76 -6.21
23.78 -23.42 -0.63 22.84 -27.47 -22.31 27.28 -28.81 -1.78 11.47 -40.76 -6.21
22.44 -23.65 -1.00 22.84 -27.47 -22.31 27.65 -28.92 -1.63 11.47 -40.76 -6.21
22.44 -23.65 -1.00 20.76 -23.63 -21.02 27.65 -28.92 -1.63 13.05 -38.36 -5.71
22.44 -23.65 -1.00 20.76 -23.63 -21.02 27.65 -28.92 -1.63 13.05 -38.36 -5.71
21.76 -23.76 -1.15 20.76 -23.63 -21.02 28.50 -28.86 -1.73 13.05 -38.36 -5.71
21.76 -23.76 -1.15 23.44 -26.02 -22.07 28.50 -28.86 -1.73 12.23 -39.71 -6.00
21.76 -23.76 -1.15 23.44 -26.02 -22.07 28.50 -28.86 -1.73 12.23 -39.71 -6.00
22.71 -23.57 -0.81 23.44 -26.02 -22.07 26.84 -28.97 -1.89 12.23 -39.71 -6.00
22.71 -23.57 -0.81 20.28 -26.10 -22.15 26.84 -28.97 -1.89 12.71 -39.89 -6.10
22.71 -23.57 -0.81 20.28 -26.10 -22.15 26.84 -28.97 -1.89 12.71 -39.89 -6.10
23.42 -23.50 -0.60 20.28 -26.10 -22.15 27.97 -28.89 -1.60 12.71 -39.89 -6.10
23.42 -23.50 -0.60 20.28 -26.10 -22.15 27.97 -28.89 -1.60 12.71 -39.89 -6.10
22.76 -24.02 -0.94 23.00 -27.18 -22.39 27.31 -28.52 -1.68 14.42 -36.10 -6.42
22.76 -24.02 -0.94 23.00 -27.18 -22.39 27.31 -28.52 -1.68 14.42 -36.10 -6.42
22.76 -24.02 -0.94 23.00 -27.18 -22.39 27.31 -28.52 -1.68 14.42 -36.10 -6.42
21.89 -24.10 -1.07 19.60 -27.07 -22.36 27.55 -28.57 -1.52 14.07 -39.21 -5.92
21.89 -24.10 -1.07 19.60 -27.07 -22.36 27.55 -28.57 -1.52 14.07 -39.21 -5.92
21.89 -24.10 -1.07 19.60 -27.07 -22.36 27.55 -28.57 -1.52 14.07 -39.21 -5.92
22.13 -23.63 -0.81 22.71 -27.81 -22.44 28.63 -28.73 -1.50 12.71 -39.60 -5.97
22.13 -23.63 -0.81 22.71 -27.81 -22.44 28.63 -28.73 -1.50 12.71 -39.60 -5.97
22.13 -23.63 -0.81 22.71 -27.81 -22.44 28.63 -28.73 -1.50 12.71 -39.60 -5.97
23.21 -23.55 -0.73 22.71 -27.81 -22.44 27.05 -28.50 -2.02 14.00 -36.07 -4.94
23.21 -23.55 -0.73 20.07 -26.15 -22.02 27.05 -28.50 -2.02 14.00 -36.07 -4.94
23.21 -23.55 -0.73 20.07 -26.15 -22.02 27.05 -28.50 -2.02 14.00 -36.07 -4.94
23.81 -23.55 -0.92 20.07 -26.15 -22.02 27.89 -28.89 -1.65 14.00 -36.07 -4.94
23.81 -23.55 -0.92 23.02 -27.07 -22.31 27.89 -28.89 -1.65 12.47 -39.02 -5.86
23.81 -23.55 -0.92 23.02 -27.07 -22.31 27.89 -28.89 -1.65 12.47 -39.02 -5.86
22.23 -23.65 -1.02 23.02 -27.07 -22.31 27.50 -28.84 -1.81 12.47 -39.02 -5.86
22.23 -23.65 -1.02 19.71 -27.21 -22.07 27.50 -28.84 -1.81 12.23 -38.84 -5.86
22.23 -23.65 -1.02 19.71 -27.21 -22.07 27.50 -28.84 -1.81 12.23 -38.84 -5.86
21.18 -23.73 -0.86 19.71 -27.21 -22.07 26.73 -28.92 -1.68 12.23 -38.84 -5.86
21.18 -23.73 -0.86 19.71 -27.21 -22.07 26.73 -28.92 -1.68 12.76 -35.94 -4.97
21.18 -23.73 -0.86 22.42 -26.31 -22.47 26.73 -28.92 -1.68 12.76 -35.94 -4.97
23.15 -23.57 -0.81 22.42 -26.31 -22.47 28.42 -28.78 -1.52 12.76 -35.94 -4.97
23.15 -23.57 -0.81 22.42 -26.31 -22.47 28.42 -28.78 -1.52 12.76 -35.94 -4.97
23.15 -23.57 -0.81 20.57 -26.86 -22.00 28.42 -28.78 -1.52 12.05 -39.05 -5.86
24.52 -23.76 -0.63 20.57 -26.86 -22.00 27.18 -28.92 -1.89 12.05 -39.05 -5.86
24.52 -23.76 -0.63 20.57 -26.86 -22.00 27.18 -28.92 -1.89 12.05 -39.05 -5.86
24.52 -23.76 -0.63 20.57 -26.86 -22.00 27.18 -28.92 -1.89 13.15 -39.05 -5.92
22.21 -23.86 -0.86 23.00 -26.55 -22.23 27.89 -29.02 -1.55 13.15 -39.05 -5.92
22.21 -23.86 -0.86 23.00 -26.55 -22.23 27.89 -29.02 -1.55 13.15 -39.05 -5.92
21.34 -23.81 -1.07 23.00 -26.55 -22.23 27.89 -29.02 -1.55 14.52 -36.05 -5.05
21.34 -23.81 -1.07 21.76 -25.86 -21.73 27.71 -28.57 -1.94 14.52 -36.05 -5.05
21.34 -23.81 -1.07 21.76 -25.86 -21.73 27.71 -28.57 -1.94 14.52 -36.05 -5.05
23.00 -23.60 -0.76 21.76 -25.86 -21.73 27.71 -28.57 -1.94 14.52 -36.05 -5.05
23.00 -23.60 -0.76 21.78 -27.60 -22.71 26.44 -28.81 -1.76 13.36 -39.18 -5.97
23.00 -23.60 -0.76 21.78 -27.60 -22.71 26.44 -28.81 -1.76 13.36 -39.18 -5.97
23.86 -23.47 -0.60 21.78 -27.60 -22.71 26.44 -28.81 -1.76 13.36 -39.18 -5.97
23.86 -23.47 -0.60 21.78 -27.60 -22.71 28.05 -28.55 -1.63 13.78 -39.55 -5.97
23.86 -23.47 -0.60 23.05 -24.65 -21.57 28.05 -28.55 -1.63 13.78 -39.55 -5.97
22.44 -23.68 -0.92 23.05 -24.65 -21.57 28.05 -28.55 -1.63 13.78 -39.55 -5.97
22.44 -23.68 -0.92 23.05 -24.65 -21.57 27.21 -28.57 -1.92 12.71 -39.34 -5.94
